   5.8121812e-01   8.5866982e-01  -6.0093230e-01  -9.0075004e-01   2.6038316e-01   3.8342407e-01  -3.2369429e-01  -4.9098089e-01  -1.2964186e-01  -2.0809233e-01  -1.1247649e+00  -1.6853147e+00  -4.1009292e-01  -6.0259449e-01  -3.7702334e-01  -5.9398133e-01
   1.4832571e-01   2.1069416e-01   1.4069312e+00   2.0619175e+00   5.7922548e-01   8.5152179e-01   2.0278797e-01   2.9228383e-01  -1.5472049e-01  -2.4648394e-01   3.3118525e-01   4.8281887e-01  -8.1784919e-02  -1.2717009e-01  -1.3581677e-01  -2.1611851e-01
  -1.9620779e+00  -1.9690448e+00  -2.8558880e-01  -2.8006160e-01   9.5623784e-02   1.0645983e-01  -2.6205009e-02  -4.7516767e-02  -1.9911125e-01  -1.9046816e-01   7.7327065e-02   7.2975487e-02  -1.7843775e-02  -8.9598820e-03  -3.7681904e-02  -2.5479848e-02
   3.4350103e-01   3.5113546e-01  -2.2185552e-01  -2.1761549e-01  -6.7450613e-01  -6.5864831e-01  -3.0151010e-01  -3.1162295e-01   1.6899372e+00   1.6743256e+00   6.0670966e-01   5.9396809e-01   1.4977920e-01   1.5243973e-01  -2.8366333e-01  -2.8117016e-01
  -4.3974429e-01   3.1765825e-01   2.2791149e-01  -1.6188154e-01  -9.7368461e-01   7.3382115e-01   1.3685000e+00  -1.0361991e+00   5.7906175e-01  -4.1492632e-01  -5.8540934e-01   4.4235766e-01  -4.3033952e-01   3.0304158e-01  -1.0993229e+00   8.1431890e-01
   2.3493953e-02  -2.3897205e-02  -2.8180024e-01   2.1384306e-01   1.5509933e-01  -1.0443842e-01  -1.5710367e-01   1.0988005e-01  -3.4868911e-01   2.6194766e-01   2.1060057e-02  -1.5188441e-02   2.1506751e+00  -1.5980279e+00  -5.3109014e-01   3.8728604e-01
  -4.7476202e-02  -7.0712969e-02   5.7422072e-01   8.4960884e-01  -1.0665481e+00  -1.5616113e+00   2.8324837e-02   4.8652615e-02   3.7518747e-03   1.5175235e-02  -8.0787736e-01  -1.2008350e+00   4.3341261e-01   6.7019361e-01   4.4719803e-01   6.5570563e-01
   1.6422753e-01   2.3935769e-01  -6.2729031e-01  -9.4422579e-01   6.5778092e-02   1.0273186e-01   1.1443413e+00   1.7048112e+00  -8.4309149e-01  -1.2431583e+00   1.8793890e-01   3.0674964e-01  -7.2681509e-02  -7.7403918e-02  -3.1464595e-02  -4.4458106e-02
   3.5679290e-01   3.4295440e-01  -8.6914018e-02  -9.6489087e-02  -1.2843963e+00  -1.2648942e+00   3.6699601e-02   3.4875982e-02  -1.1032172e+00  -1.0942316e+00   8.7889373e-01   9.0695280e-01  -1.9471194e-01  -1.9312671e-01   4.3615648e-01   4.5948985e-01
  -6.9490574e-02  -6.4134978e-02   1.6249532e-01   1.5788385e-01   4.1108346e-01   4.1771698e-01   2.1625002e-01   2.1978280e-01   1.4932945e-01   1.4652222e-01  -1.3123132e+00  -1.3202333e+00   2.9225547e-02   1.9608006e-02   1.4064683e+00   1.4187453e+00
   3.8677594e-01  -3.0346489e-01  -8.9576155e-02   4.0299922e-02   5.8847320e-01  -4.3967211e-01   2.0242887e+00  -1.4818474e+00   3.6860135e-01  -2.6895696e-01  -1.0789378e-01   7.3738359e-02   6.6000551e-01  -5.0157356e-01  -4.6704799e-02   2.8091842e-02
  -8.5413922e-03   1.5187597e-02   6.0499847e-01  -4.5690349e-01  -2.8281426e-01   2.1636388e-01  -5.8854812e-01   4.4878411e-01  -1.2111253e+00   9.0087914e-01  -8.7368131e-01   6.5942353e-01  -8.5130379e-02   5.0527293e-02  -1.4482167e+00   1.0801024e+00
