  -7.9648662e-01   3.4873915e-01  -1.1392743e-01   3.5947774e-02   1.2871654e+00  -5.6241572e-01   7.4555859e-02  -3.8843933e-02   4.1671565e-01  -2.0112504e-01  -1.2935680e+00   5.8166790e-01   1.3050629e+00  -5.6621325e-01
   8.3665389e-01  -3.5166228e-01   2.2036032e-01  -1.0764170e-01  -1.1487788e+00   4.9468079e-01   1.8730904e-01  -8.0647983e-02  -1.0509220e-01   4.3467484e-02  -1.9432545e+00   8.3320689e-01  -1.5176731e-01   6.1387196e-02
  -8.8219416e-01   3.8634053e-01  -1.6461920e+00   7.3163956e-01  -7.4691609e-02   3.3030752e-02   2.8510877e-01  -1.3940330e-01  -1.1939447e+00   5.3521425e-01   7.9759514e-01  -3.3646938e-01  -4.6300274e-01   2.1009520e-01
   6.4093542e-01  -2.8560072e-01  -6.1150014e-01   2.7822569e-01  -9.6283323e-01   4.2225394e-01  -5.8301892e-02   2.8404439e-02   1.4347080e+00  -6.5399134e-01   8.1013584e-01  -3.5858223e-01   1.1837262e+00  -5.2396530e-01
  -3.4299903e-02   1.0442614e-01  -8.3523238e-01   1.6510186e+00   2.4629671e-02  -7.1494758e-02   4.1111329e-01  -8.3622897e-01  -1.1778378e-01   2.1908630e-01  -1.8881507e-01   3.9409435e-01   6.8501014e-01  -1.4029826e+00
  -1.0555475e-01   2.5363120e-01   9.8503464e-01  -2.0765469e+00  -1.4802565e-01   3.0396339e-01   5.0088990e-01  -1.0285516e+00  -1.0548230e-01   2.3854633e-01  -1.3458279e-01   3.0608651e-01   8.7702230e-02  -1.7762406e-01
   4.4742927e-01  -9.1283512e-01  -1.8057182e-01   3.6911073e-01   2.0218894e-01  -3.9977551e-01   9.7663477e-03  -3.6182735e-02   5.0378054e-02  -9.8024458e-02  -6.6876747e-02   1.2001645e-01  -1.0208434e+00   2.1266031e+00
  -5.5024862e-02   1.1354028e-01   1.4610147e-02  -5.3639226e-02  -8.2657969e-01   1.6978300e+00  -7.9039288e-01   1.6331967e+00   6.5236874e-02  -1.2895760e-01   2.5828168e-02  -4.7214970e-02   1.4331646e-01  -2.8063464e-01
   4.7418233e-02  -2.8981773e-02  -1.6097659e+00   6.8967938e-01  -1.1450016e-01   7.8155823e-02  -5.2344561e-01   2.0768367e-01  -8.8722187e-01   3.9450464e-01  -1.4877759e+00   6.5129566e-01  -1.1142096e-01   2.6202500e-02
  -9.8429777e-02   2.1588163e-02  -3.2157174e-01   1.4543524e-01  -6.7188412e-01   3.0439949e-01   1.1647888e-02  -2.5450312e-02   2.1491354e+00  -9.2763221e-01  -5.6742394e-01   2.4238545e-01  -6.2399191e-01   2.6654199e-01
  -4.7703677e-01   2.0312625e-01   2.9363734e-01  -1.3822798e-01  -1.2480222e-01   6.5662481e-02   2.3052084e+00  -1.0162942e+00  -3.5340729e-01   1.6256531e-01  -1.4735141e-01   6.5068595e-02   2.5918850e-01  -1.2112393e-01
   1.4285399e+00  -6.4293236e-01   1.1923061e-01  -5.0040338e-02   2.2439644e-01  -1.0872915e-01  -4.3775499e-01   1.7090733e-01  -4.5182887e-01   1.9952661e-01   1.3185276e+00  -5.8493090e-01   1.2569858e+00  -5.8441782e-01
  -2.1245841e-02   3.0937385e-02   3.4867719e-01  -6.6756320e-01   4.4318059e-01  -9.2188501e-01  -8.1428790e-01   1.6608506e+00  -1.6762564e-01   3.5196117e-01  -4.9170887e-01   1.0093455e+00   3.3794370e-01  -6.6095889e-01
  -7.6485598e-01   1.5746105e+00  -8.5985191e-02   1.8503767e-01   6.9201678e-02  -1.3298675e-01   8.8047504e-02  -1.7758437e-01   8.4787297e-01  -1.7341139e+00   1.3250181e-01  -2.6280847e-01  -4.8825309e-02   1.3096811e-01
   1.0267291e+00  -2.0622668e+00  -1.1937898e-01   2.5892568e-01   2.4430910e-02  -5.3221989e-02   4.7975877e-01  -1.0135982e+00   1.7631651e-01  -3.4024444e-01  -1.2920719e-01   2.7478135e-01   1.5717539e-01  -2.9470757e-01
  -2.9220593e-01   6.2198108e-01   8.0467932e-02  -1.3367711e-01  -9.8000836e-01   2.0594828e+00   9.1984116e-02  -2.0613237e-01  -4.7089541e-01   9.9881673e-01  -1.4307793e-02   5.7730824e-02   7.1696572e-02  -1.5005979e-01
