  -8.2474136e-01  -1.0573062e+00  -2.4622791e-01   8.5379392e-02   6.3138586e-01  -9.0694493e-01  -5.7774299e-01   1.2466473e-01   7.4766523e-01  -8.3006197e-01   2.2450197e-02  -3.7212431e-01  -1.1346700e+00  -1.2782418e+00   4.9771625e-01  -8.5882619e-02
   6.8423820e-01   8.6794281e-01   5.4228161e-02  -8.2296318e-01   5.2261688e-02   5.3421926e-01   8.7010825e-01  -4.9827558e-01  -1.1129462e+00   3.9188084e-01  -8.8005030e-01  -1.5369927e+00   3.1826848e-01  -1.4380920e-01  -2.9751369e-01  -2.5544238e-01
   1.4475299e-02  -6.0644430e-01  -1.2316681e-02   2.5220375e+00  -1.2850499e-03   3.0666074e-01  -7.2753648e-03   4.2506254e-01   1.9973908e-03  -1.1506304e-01   3.9658635e-03   4.2132262e-02   3.4779995e-03  -1.3061494e-01   7.6283966e-03   9.8196286e-01
  -3.2918241e-03   1.1031302e+00  -6.6285445e-03  -3.2589871e-01  -9.2162390e-04  -7.6455581e-01   1.9714911e-03   1.0310736e-01  -2.4790973e-03  -2.4012480e+00  -1.2605035e-02  -1.3723259e-01  -2.7016951e-03  -2.9981518e-01   1.7879314e-03  -4.5471796e-01
  -6.4292201e-03   8.5839117e-01   1.4580156e-02   8.1996816e-01   3.0364047e-04   2.2853194e-01   2.7979980e-03  -1.1673607e-01   1.2924924e-02   2.3258646e+00   4.6371003e-03  -3.7088770e-01   9.2285099e-03   8.6033010e-01  -3.9378605e-03  -4.8686695e-01
   1.1948345e-03  -8.3379477e-01   7.5420953e-04  -1.2751627e+00   2.9680172e-03  -4.6120289e-01  -2.4991345e-03   3.6590159e-02   1.0233067e-03  -3.7930951e-01   4.7617559e-03   2.2920773e+00   1.4780366e-02   9.1970101e-02  -6.2789978e-03   2.4176136e-01
   5.5489643e-03  -4.3458381e-01   1.5763562e-03   5.5859244e-01   9.8940649e-04   1.1659495e+00   1.1000988e-02  -7.4899226e-02  -6.3210875e-03  -1.6374029e+00  -8.6979596e-03  -5.7374609e-01  -1.8662129e-03   1.4533807e+00  -3.9284197e-03  -1.0055774e+00
   2.4919955e-03   1.2180353e+00  -6.0758200e-03  -1.4153986e-01   6.8116668e-03  -1.6201758e-01   9.3720546e-03   2.2159150e+00   2.8209109e-03   4.5357627e-01  -9.3328785e-03   1.2905982e-01  -9.7934557e-03  -6.7581451e-01   5.5807512e-03   9.3825155e-01
  -7.5142401e-01  -1.3815716e-02  -1.7987747e-01  -4.1855914e-03  -1.2932324e+00   5.8293431e-03   1.0198474e-01   5.2005821e-03   2.2866254e-01   5.8053485e-03  -4.3722484e-01  -1.1379186e-02   2.2223225e+00   1.5048664e-02   7.3284250e-01   1.6385898e-02
   1.5996681e-01  -1.2420351e-02   7.1335286e-01   3.4093717e-03   5.9681034e-01   1.6444931e-02  -1.1044893e-01  -1.6233601e-02   2.5137408e-02  -5.3247572e-03   1.9464780e+00   3.2122761e-03  -1.1233325e+00  -1.1879974e-02  -1.4300226e+00   5.1768599e-03
  -6.1623400e-01   1.7750977e-02  -3.5022661e-01  -1.0072442e-02  -9.3221772e-01  -2.1733394e-02   3.1619668e-01   5.1832339e-04   1.6079254e+00  -1.4014546e-03  -5.8886123e-01   5.6210291e-03  -1.4596152e-01   8.6519169e-03  -1.8905283e+00   2.3696767e-03
   4.1947344e-01  -4.8254943e-03  -1.0064397e+00  -1.2806025e-02   1.2537420e+00  -1.7004946e-03  -2.0958593e-01  -1.6817730e-03   3.2075384e-01   8.6130155e-03   1.7857548e+00   7.3723528e-03   1.2859926e+00  -3.0021272e-03   4.9914065e-01   1.6529227e-02
   1.0573273e+00   7.1665103e-04   1.0898974e+00  -1.2343920e-02  -1.5111042e+00   1.2886445e-02  -4.2319149e-01   8.8165244e-03  -4.9158894e-02  -1.1242486e-02   1.5735246e+00  -1.8463783e-02   7.6547611e-01   1.8770891e-03  -4.0796566e-01   1.3205577e-03
  -7.2210974e-01  -1.0631151e-02  -2.0934907e-01   1.0795925e-02   4.0550044e-01   1.1382390e-02   2.3597395e+00   1.4014833e-02   2.6364571e-01  -1.2737608e-02   5.2894014e-01  -1.0073965e-03   7.0059127e-01  -4.5954078e-03  -9.2788631e-01   1.0067457e-02
