   1.3770117e-01  -2.1509188e-01  -2.9000903e-02  -7.1738327e-01  -4.5905748e-01   1.1176075e+00  -1.2801585e+00   5.6631064e-01
  -5.2554399e-01   4.8714161e-01  -5.1358527e-01  -3.3495930e-01   4.8706755e-01  -1.0403281e+00   1.3371680e+00  -5.4706570e-02
   2.7009326e-01  -2.9768953e-01  -4.8218539e-01   1.1619108e+00  -1.0687906e+00  -7.3689938e-01  -1.7998062e-02   7.5513768e-01
   8.0507413e-02   4.1563952e-01   6.8311042e-01   6.0656649e-01  -2.7662873e-01   8.2123625e-01   1.1368613e+00  -9.7097570e-01
  -8.9002150e-04   1.4126712e-01   4.1229613e-03  -1.5204351e+00   3.5757348e-03  -1.2680337e+00   1.9606578e-03  -2.4571791e-01
   1.3763506e-04   1.5567095e+00   4.9769729e-03   7.8545672e-01  -5.5372994e-03   7.4807119e-01  -2.6400648e-03  -6.3248771e-01
  -2.6250528e-03  -1.5441949e+00   1.7208960e-04  -1.6251499e-02   9.6380180e-03   9.6858519e-01  -1.1645785e-02  -8.2268137e-01
   1.1064949e-02  -7.3709863e-01   3.2046970e-03   1.2849411e+00   8.6628902e-04  -1.3043482e+00  -9.5586537e-04  -3.2272786e-01
  -6.6114950e-01  -7.2152433e-03   7.6740324e-01  -2.1988577e-03   1.0353580e-01   6.4808931e-03   1.7213817e+00  -8.8326726e-04
   1.5063254e+00   1.2544623e-03   2.8566453e-01   5.2646990e-03   1.1998314e+00   3.5586646e-03   4.5794213e-01  -5.6301961e-03
  -9.0913945e-01   3.9155479e-03   1.2221596e+00  -4.1041612e-03   3.5358390e-01   5.9068017e-03  -1.2468621e+00   6.1976905e-03
  -1.4819877e+00   3.1370721e-03  -1.1105499e+00  -5.1949872e-03   7.5168270e-01   6.7314752e-03  -7.2677918e-02  -6.1930442e-04
