   8.8662475e-01   5.3803098e-01  -1.4280220e-02  -1.1569710e+00   2.1603450e-01   5.8856964e-01  -6.0383165e-01  -2.3775025e-01  -1.1114002e+00   7.3225677e-01
   5.4205436e-01   3.0735707e-01   5.4166490e-01  -9.3260074e-01  -4.5113239e-01  -1.0774584e+00  -8.2660359e-01   3.0235177e-01   1.0616963e+00   4.2689297e-01
   8.1368893e-01   1.3097247e+00   1.3277291e-01   8.3008927e-01  -4.7575989e-01   4.1751876e-01   9.0462697e-01  -1.4977983e-01   8.2067138e-01   3.0001940e-02
  -1.8507917e-01  -4.6830431e-01  -4.4155937e-02   1.9530149e-01  -1.4192461e+00   1.1311624e+00   4.1083664e-01  -5.6436545e-01  -5.2568358e-01  -8.0555469e-01
  -6.7996383e-01  -5.1087993e-01   9.0009838e-01   1.4729114e+00   9.3756777e-01  -4.0971765e-01   1.0235716e-01   3.8900241e-02  -4.8288685e-01   7.0248075e-02
   1.6627456e-01  -1.6238564e-01   3.8067374e-02   6.8003470e-01   5.8126479e-01   4.2777967e-01   1.5021703e+00  -1.1004982e+00   7.6356549e-03   7.0253319e-01
  -5.7204026e-01  -1.2840521e-01  -1.2977386e+00  -2.8566802e-01   3.1332555e-01   5.7438403e-01  -3.1504741e-01   1.1991298e+00  -4.8990098e-01  -8.2782280e-01
  -5.1440483e-01  -1.0249026e+00  -4.2763162e-01  -2.0510127e-01   6.3871551e-01  -9.8634559e-01  -9.8631626e-01  -6.7819349e-02   8.1772882e-01  -6.5809739e-01
  -1.2394112e-02  -1.1104890e+00   8.2451506e-03  -1.2351028e-02   1.0054491e-02  -9.2829114e-01   1.1400024e-03   1.6525577e+00   6.1732787e-03  -4.1668785e-01
  -1.1441164e-02  -1.1473707e+00   7.6441788e-03   1.2641977e+00  -5.7875072e-03  -7.4236435e-01  -8.6767692e-03  -1.1923927e+00  -5.6226128e-03  -3.3482787e-01
  -1.4215788e-02   2.0813105e+00   1.1292643e-02  -3.4792539e-02   1.4921336e-02  -6.3458318e-01   7.1604149e-03   3.1088348e-02   5.7023759e-03  -5.1248217e-01
   3.8368113e-03  -3.8496688e-01   1.2978237e-02   1.6102387e+00   4.9692480e-04   3.4657156e-01  -5.8939345e-03  -2.5999814e-01   1.1380228e-03   1.4390974e+00
  -1.7082506e-04   1.8904988e-02   6.0043810e-03  -5.0782621e-01   4.2342050e-03  -4.7907519e-01   9.3796449e-03  -1.1344488e+00   5.1994775e-03  -1.7958561e+00
   4.7533656e-03  -5.8157947e-02   1.3693360e-02  -9.2536271e-01   6.7153256e-03  -2.7471009e-01   9.9919681e-03  -7.7006036e-01  -9.2094000e-03   1.8631755e+00
  -1.2514136e-02  -9.1625011e-01  -8.4237689e-03  -1.6334842e+00   2.3215681e-03   9.0148002e-01   8.7519670e-03   7.5166249e-01   9.5790764e-03   3.3786270e-01
  -8.9766774e-03   7.7527821e-01   7.1128341e-03   5.7580119e-01  -2.3487229e-03   1.6456978e+00  -4.6360847e-03   1.1580149e+00   3.3513233e-03   1.3382033e-01
   1.4614453e+00   8.5463672e-04  -3.7012126e-02  -3.3850167e-03   1.2885820e+00  -1.4630636e-02   1.2102597e-02  -2.3184828e-03  -1.0963389e+00   5.1865294e-03
  -9.4134413e-02   4.8499582e-03   6.5078181e-01  -5.4134461e-03  -1.3801044e+00  -7.3048216e-03   7.6722610e-01   1.8041187e-03   1.4401909e+00  -6.2085250e-03
   1.1170064e+00   3.5466773e-03  -2.6453176e-01  -3.8957060e-03  -1.0193007e+00   2.3639344e-03   1.5097004e+00  -1.3781928e-03  -6.0341811e-01   1.2038066e-03
  -4.0974346e-01   3.6156541e-03  -3.7083450e-01  -1.1066991e-02   1.6495823e+00  -1.0960035e-03   9.2257476e-01  -5.4971674e-03   1.0592304e+00  -1.3784855e-02
  -1.6684971e+00   9.9196183e-03   4.8602757e-01  -9.9478671e-03  -9.3267493e-02  -9.1251004e-03   9.7265683e-02   8.3798701e-03  -1.4004563e+00  -1.0321246e-02
  -5.7988095e-01   6.5188203e-03  -1.7844203e+00  -5.3091720e-03  -1.0092767e+00  -2.2866195e-03   4.9417737e-01  -1.0750820e-03   4.6546081e-01   2.2560467e-04
  -4.2284867e-01   4.5118178e-03  -1.5501877e+00  -1.4391324e-03   6.9004118e-01   3.0876731e-03  -1.3879251e+00  -9.2424201e-03  -1.2449955e-01  -2.5156511e-03
   1.3960910e+00   2.5262590e-03  -5.0028068e-01   8.4249326e-04  -1.0303255e+00  -2.1124273e-03  -1.3110428e+00   9.9195749e-04   1.4207710e-01   6.8481285e-03
