  -1.8297358e+00   7.0398414e-01  -5.9785355e-02   2.9250905e-02  -8.4410137e-01   3.2954606e-01  -7.9117721e-01   3.0048880e-01  -9.4944566e-01   3.6734548e-01  -3.2924128e-01   1.1991765e-01  -6.3135070e-01   2.3855501e-01
   7.8858989e-01  -3.0387416e-01   1.3641694e+00  -5.2354252e-01   6.9214809e-01  -2.6349914e-01  -3.1469551e-01   1.2813975e-01   1.1245418e+00  -4.2910835e-01   1.5531254e-01  -6.7579851e-02  -1.3238678e+00   5.0668979e-01
   8.3235306e-01  -3.1849694e-01  -2.9152760e-01   1.1276745e-01   3.8550425e-01  -1.5378354e-01  -6.6541284e-01   2.6743668e-01  -9.9539155e-01   3.8034269e-01   9.5124745e-01  -3.7410688e-01   1.6774937e+00  -6.5360928e-01
  -2.8689224e-01   1.0862362e-01  -9.7888041e-01   3.8400301e-01   2.4791244e-02  -1.2430707e-02   1.5960692e+00  -6.1937273e-01   1.0348502e+00  -3.9621055e-01  -1.0184582e+00   3.9260754e-01   6.2491852e-01  -2.4203555e-01
   2.8576162e-01  -4.3958667e-01  -5.7503617e-01   8.3383203e-01  -1.8364611e-01   2.7822542e-01   2.1367504e-01  -3.2666543e-01   5.9943354e-01  -8.6434305e-01   3.2598460e-01  -4.7690913e-01  -1.1211574e+00   1.6548556e+00
   5.8528924e-01  -8.7306380e-01   1.5335891e-01  -2.2788617e-01   1.8834494e-01  -2.8528956e-01  -1.2366701e+00   1.7907317e+00   4.9121794e-01  -7.1910244e-01  -1.7266074e-01   2.4130046e-01   1.9090240e-01  -2.8969452e-01
  -9.2698246e-02   1.3036652e-01   1.0001712e+00  -1.4444566e+00   4.0080389e-01  -5.8387184e-01   9.2204940e-01  -1.3588245e+00   4.5006454e-01  -6.4378369e-01   6.5591417e-02  -7.7641778e-02   1.4068438e-01  -2.0578434e-01
  -1.1861231e+00   1.6962398e+00  -4.8734573e-01   6.9341385e-01  -2.2177060e-01   3.0375165e-01  -2.7672499e-01   3.8379622e-01   4.6182281e-01  -6.7066592e-01  -1.3110796e-01   1.7331122e-01   5.5018044e-01  -7.8691274e-01
  -6.8399906e-02  -1.1869455e-02  -2.0655694e+00  -3.8381636e-01  -5.2242410e-01  -1.0062646e-01  -1.9962502e-01  -3.6077119e-02   7.9902327e-01   1.4374074e-01   4.5891291e-01   7.5496182e-02   1.1574724e+00   2.0479947e-01
   1.0963464e+00   1.9473583e-01   1.3800651e-01   1.9288763e-02  -4.0921886e-02  -9.8316073e-03   3.1430669e-02   1.6031913e-02   6.3708693e-01   1.2069143e-01  -2.0960720e+00  -3.7539795e-01  -8.7003541e-01  -1.6068660e-01
   8.1624478e-02   1.8924531e-02   1.7291272e-01   2.3587633e-02  -8.3847106e-01  -1.5553156e-01  -5.4187834e-01  -9.3737192e-02   6.2295640e-01   1.1938140e-01   1.4158806e+00   2.5468683e-01  -1.8310313e+00  -3.2908335e-01
  -9.0314001e-01  -1.6726549e-01   1.3168585e+00   2.2847316e-01   1.5122138e+00   2.7040109e-01  -6.5986288e-01  -1.1307339e-01   9.4932163e-01   1.7633618e-01   5.4510993e-01   1.0275604e-01   5.5838144e-01   1.0066577e-01
  -5.4959762e-01   2.2208256e-01  -1.3741194e+00   5.2881140e-01   6.9931954e-01  -2.7384436e-01  -1.3058577e+00   5.0301921e-01   8.4912819e-01  -3.1964290e-01   7.2053337e-01  -2.7074903e-01  -6.8769312e-01   2.6430979e-01
  -4.1743737e-01   1.7226912e-01   1.0783372e+00  -4.2122498e-01  -4.3568623e-01   1.7294456e-01  -9.7899759e-01   3.7196523e-01   9.7025198e-01  -3.7826297e-01  -1.1501125e+00   4.5002869e-01   1.1512150e+00  -4.5193866e-01
   1.3775256e-01  -4.4642095e-02   2.8800231e-01  -1.0833175e-01  -1.1070535e+00   4.2404348e-01   1.2504199e+00  -4.8812124e-01   8.8368887e-01  -3.4345075e-01   1.5538810e+00  -6.0090774e-01  -4.8884511e-02   1.6331876e-02
  -7.3766148e-01   2.8228089e-01   7.6637506e-01  -2.8323117e-01   1.6648620e+00  -6.3881320e-01   1.0540206e+00  -4.1277921e-01  -1.0365736e+00   4.0644103e-01   8.1833355e-02  -3.2227963e-02  -6.1040028e-04  -3.6485645e-03
   4.2219016e-01  -6.0640150e-01   3.4190111e-02  -5.4257963e-02  -3.5475829e-01   5.0946575e-01   4.2586580e-01  -6.2970364e-01  -4.7885385e-01   6.7678040e-01   1.1092311e+00  -1.6005652e+00   5.6695437e-01  -8.2803935e-01
  -1.1136991e-01   1.6722049e-01   5.6033981e-01  -8.2603949e-01  -1.0675596e+00   1.5397402e+00  -4.7919285e-01   6.9561815e-01  -4.4377899e-01   6.5863585e-01  -5.5426824e-01   8.0657554e-01  -2.2555825e-01   3.1610656e-01
  -7.2105527e-01   1.0654095e+00   6.1810534e-02  -1.0100503e-01   9.4414234e-01  -1.3611856e+00  -5.9076971e-01   8.5259449e-01  -5.5185264e-01   8.0038977e-01   3.5227624e-01  -5.0701368e-01  -2.4004787e-01   3.5616359e-01
   5.3912765e-01  -7.8542328e-01  -7.0968711e-01   1.0417286e+00   3.1621191e-01  -4.6471789e-01   3.7877715e-01  -5.5760717e-01  -5.3533274e-01   7.7540553e-01  -9.5318633e-01   1.3898613e+00  -4.3002501e-02   5.7303213e-02
  -1.5562632e+00  -2.6934627e-01   7.6599143e-02   2.0393986e-02  -9.8171884e-01  -1.7925236e-01   6.8656743e-01   1.3511057e-01  -1.2946950e+00  -2.3619248e-01  -1.9795941e-01  -3.2803152e-02  -1.0986608e+00  -1.8530887e-01
   2.0416963e+00   3.7095335e-01  -2.2098808e-01  -3.3151709e-02   6.0279119e-01   1.0604667e-01  -7.6288044e-01  -1.3120519e-01  -1.1981432e+00  -2.2890078e-01   4.1771728e-01   7.5464509e-02   4.2600129e-02   1.3793230e-02
  -5.0658327e-01  -9.5999382e-02  -1.0097727e+00  -1.7200714e-01   1.7203465e+00   3.0562133e-01   7.6510936e-01   1.4101936e-01   1.3502798e+00   2.3901311e-01  -2.2719091e-01  -3.3991069e-02  -3.0138874e-01  -5.1624417e-02
   1.6611299e-01   3.0236294e-02   1.0609647e+00   1.9356526e-01  -1.3635004e+00  -2.3262277e-01   3.6295753e-02   2.0530785e-02   1.2928799e+00   2.2034164e-01   9.6460134e-02   2.3850439e-02   1.4469653e+00   2.6405013e-01
