   9.2811334e-01  -3.6853760e-01   1.2308081e+00  -7.6217806e-01   7.0900834e-01  -5.2388602e-01   3.6031139e-01   2.8206934e-03
  -1.3818806e+00  -1.3551556e+00  -1.2545325e-01  -9.5134526e-02  -3.0435926e-01  -1.8944912e-01  -2.1173564e-01  -2.3624653e-01
   9.1686291e-01  -8.7698895e-01  -2.2381523e-01   2.9965714e-01   8.9114940e-01  -8.0038804e-01  -5.6399632e-01   7.0534056e-01
   3.9353833e-01   4.7239026e-01  -1.4019428e-01  -2.6788160e-01  -6.0154277e-01  -5.9240502e-01   1.1622938e+00   1.2111300e+00
   6.0573094e-02   4.0451650e-02   1.1703891e+00   1.1600698e+00   1.3899150e-01   9.9283405e-02   7.8668839e-01   7.9439759e-01
  -5.0430889e-03   3.8437746e-02  -2.7991328e-01  -2.4084212e-01   7.5832599e-01   7.8925472e-01  -1.1639198e+00  -1.1443120e+00
  -6.5512097e-01  -7.1597546e-01   2.5720572e-01   2.5188792e-01   1.0130168e+00   1.0459344e+00   6.2786466e-01   6.4358163e-01
  -1.7260280e-01   9.5617071e-02   7.6631457e-01  -7.6672369e-01  -9.1063178e-01   8.4088665e-01  -7.2784287e-01   8.4844965e-01
   8.4917657e-02  -2.1544375e-01  -1.0516943e+00   1.0495265e+00  -4.6638852e-01   5.1360327e-01   7.0615673e-01  -8.7111551e-01
  -6.1030161e-01  -5.1167101e-01  -2.8558517e-01  -1.8897198e-01  -1.1225655e+00  -8.7029713e-01  -7.8581280e-01  -7.8318805e-01
   4.1529611e-01   4.8972520e-01  -8.0769938e-01  -8.4124017e-01  -7.5495899e-01  -7.0771688e-01  -7.6331538e-01  -7.5773281e-01
   5.7980734e-01   6.2553334e-01   6.6348213e-01   6.4855504e-01  -1.0358090e+00  -1.0325378e+00   3.5143340e-01   3.8621190e-01
  -7.0951039e-01   8.6069691e-01  -7.5654644e-01   7.3620003e-01   8.1923532e-01  -7.1337992e-01   4.1107321e-01  -5.4074383e-01
  -1.0128781e+00  -1.0845239e+00   8.2935774e-01   9.0855867e-01   3.2308897e-01   4.1187286e-01   9.1433458e-02   4.6766281e-02
   1.1453192e+00   1.0891094e+00  -3.3492765e-01  -3.3449072e-01   7.1293384e-01   5.8348674e-01   4.9482414e-01   4.2946702e-01
  -3.6272871e-01  -3.2609376e-01  -1.2621298e+00  -1.2625533e+00   3.8668355e-01   4.6546847e-01  -3.1936982e-01  -3.2694939e-01
  -3.3323586e-03   3.5107490e-02  -3.6951019e-03   1.2183998e+00  -7.0389258e-05   1.5848364e+00   2.2327756e-03  -5.0337061e-02
  -1.4188872e-02   1.3408517e+00   9.5628509e-03  -4.8873177e-01   3.9196066e-03  -1.2747673e+00  -8.6757354e-03   5.8124304e-01
  -6.8494356e-03  -1.9769849e-01  -9.2385817e-05   5.9383881e-01   1.7211562e-03   3.4159046e-01   1.2320923e-03  -1.8685652e+00
  -6.3788551e-03   1.0909630e+00   2.4789090e-03   2.6808649e-01   1.8401582e-04   1.6500629e+00  -1.6763170e-03  -1.2317462e-01
  -7.6341499e-03   2.0330900e-01  -1.7848989e-03   6.4731762e-02   4.8666578e-03   9.9870372e-01   6.4807907e-03   1.7195752e+00
  -9.9638123e-03  -3.0136999e-01   2.0393511e-02   1.8024633e+00  -7.0047225e-03  -7.1780640e-01  -9.1017247e-04  -3.8012010e-01
  -1.2252129e-02  -6.8431377e-01  -2.7767026e-03  -2.6671031e-01   1.1364897e-02   1.8188925e+00  -9.6837094e-04   3.8977253e-01
  -8.6377999e-03  -1.1552116e+00   7.3511503e-03   1.3652532e+00   5.7264615e-04   1.5327255e-01   4.7839151e-04  -8.8201350e-01
   3.9600767e-03  -1.0957578e+00   4.1801967e-03  -1.3845751e+00   5.1728408e-03  -5.0956434e-01   2.3927933e-03   7.8901523e-01
  -6.1779162e-03  -1.5918047e+00   3.2389243e-03  -4.3434970e-02  -4.9969060e-03   5.2165538e-01   9.5653912e-04  -1.0918206e+00
   1.0681715e-03  -1.0364807e+00   4.7363215e-03   8.9291781e-01  -1.7829528e-03  -2.7647439e-01   3.4664624e-04   1.4324597e+00
  -2.6413566e-03   8.9785957e-01   3.0705412e-03  -1.7041814e+00  -2.3553642e-03   3.7898529e-02   9.1258110e-03  -5.3672367e-01
   1.2200537e-02   1.5996200e+00   1.3799617e-03   1.3972296e-01   1.0420935e-02   2.7215013e-01  -1.1440518e-02  -1.1607057e+00
   7.1849618e-03   1.7430108e+00  -7.0749701e-04   8.8531888e-01  -3.4611381e-03  -4.1149190e-01  -2.3463075e-03   9.3428843e-02
  -1.3628252e-02   6.3005483e-01  -9.7875418e-03   8.9384812e-01  -1.9668753e-04  -3.5941431e-01   1.5234630e-02  -1.6353513e+00
  -1.6012535e-04  -3.6521610e-02  -5.7922308e-03  -1.1136298e+00   5.2413391e-03   1.2888945e+00   1.5240391e-03  -1.0474648e+00
  -1.1376461e+00   6.9518583e-03  -3.2647493e-01  -9.9280933e-03   6.7730421e-01  -6.7411680e-03   1.4629456e+00  -5.6899968e-03
   2.4062781e-01  -5.3198398e-03   2.4456973e-01  -1.0705747e-02   1.8495097e+00  -5.9984149e-03   6.7927784e-01   6.4845546e-04
  -3.3854765e-01  -8.6424584e-03  -8.0170763e-01  -6.8382081e-03  -1.5040967e+00  -5.6772991e-03   9.9004138e-01   2.7370101e-03
   2.9472089e-01   1.1218210e-03  -4.8787299e-01  -6.8932120e-03  -1.4093031e-01  -3.5567724e-03  -1.9118501e+00   5.0868695e-03
  -5.7804275e-01  -1.5134206e-03   2.5000197e-01  -1.9016594e-04   1.7967879e+00  -1.9223606e-03  -6.1224151e-01   8.5453121e-03
  -3.6678773e-01  -7.1357903e-03   1.7809138e+00   4.2068996e-03   7.7161390e-01   1.7793211e-03  -3.1361187e-01   2.6631536e-04
  -1.0732391e+00   4.2384048e-03   6.4734209e-01  -1.3218276e-03  -2.7397701e-01   9.9305401e-04  -1.5342537e+00   9.3381135e-03
   9.2476434e-01  -1.3779724e-03  -1.2361515e+00  -6.6807480e-03   1.2686435e+00  -2.8195176e-03  -8.5027933e-02   2.4590667e-04
   2.7826822e-01   1.3811236e-03   1.6065558e+00  -1.3128527e-02  -3.0530143e-01   3.1722137e-03  -1.1171665e+00   9.5323138e-03
   1.8212461e+00   8.1824046e-03   8.0445316e-03  -7.1675135e-03  -6.9637060e-01  -3.1594548e-03  -4.4490135e-01   4.2886485e-04
   1.1779699e+00  -4.4208639e-03   7.7214801e-01  -3.2682291e-03   8.8219744e-01  -9.9490639e-03   1.1125408e+00  -5.1026884e-03
  -1.7137603e+00  -1.4194486e-03   9.6379811e-01  -4.5632520e-03  -1.2880257e-01   5.3884569e-03   3.4271201e-01  -4.9909633e-03
   1.3157328e+00  -2.3245814e-03   1.4892011e+00  -7.5093363e-03   4.2410446e-03   1.1767297e-03   2.2580205e-01   7.7528791e-03
   1.1038535e+00   2.6043050e-03   6.7848486e-01  -1.1931797e-03   1.0297610e+00  -2.1307052e-03  -1.1227865e+00  -9.8103965e-03
   7.2482669e-01   4.9142395e-03   7.5250900e-01   2.3848272e-03  -3.8053176e-01  -1.8994432e-03   1.6623209e+00   1.4450653e-02
  -4.1600952e-01  -4.2063864e-03   9.3498814e-01  -8.1081956e-04  -1.7121142e+00  -6.3052778e-03   1.4603546e-01   3.7564402e-03
