  -1.3466184e+00  -1.3792388e+00   1.3633680e-01   1.3789594e-01   5.9247726e-01   6.1253971e-01  -3.3191493e-01  -3.4376365e-01   3.4764275e-02   2.8120495e-02  -7.9542720e-01  -8.1082469e-01
  -1.2563077e+00  -1.2667670e+00   2.2984576e-01   2.3062663e-01  -4.6926436e-01  -4.6644160e-01   8.5798395e-01   8.5975689e-01  -9.0408951e-02  -9.1391042e-02   6.1627102e-01   6.3369101e-01
   7.3846632e-01   7.4897999e-01   1.2212100e+00   1.2269961e+00   3.0072197e-01   3.0095518e-01  -7.9138100e-01  -8.0754459e-01   4.6051076e-01   4.6036252e-01  -8.0096886e-02  -8.3571054e-02
   1.8102944e-01   1.9725114e-01   3.8100904e-01   3.7936372e-01  -5.6184614e-01  -5.7186919e-01  -1.0035609e+00  -1.0208820e+00  -3.2440600e-01  -3.2738596e-01   1.1571696e+00   1.1814114e+00
   4.1867810e-01   4.1887987e-01  -2.6397595e-01  -2.7504757e-01   1.7144328e-01   1.7693447e-01   8.4548420e-01   8.6587948e-01   1.3964884e+00   1.4146863e+00   1.1003382e-01   1.2247410e-01
   1.3540380e-01   1.4223292e-01  -8.0388814e-01  -8.1697917e-01  -1.3814245e-01  -1.4510585e-01   2.4926852e-01   2.5579715e-01  -1.3730179e+00  -1.3945602e+00   5.6693029e-01   5.7328260e-01
   1.1119700e-01   1.0554302e-01  -1.2098345e+00  -1.2276586e+00  -1.9697382e-01  -1.9833905e-01  -1.1265670e+00  -1.1497589e+00   3.9988741e-01   4.0948477e-01  -6.9366455e-02  -6.3369483e-02
   6.5983033e-01   6.6823083e-01   3.4893632e-02   3.8825437e-02   6.4132077e-01   6.4663273e-01   2.1131219e-01   2.1985042e-01  -6.7994112e-01  -6.9567657e-01  -1.2620393e+00  -1.2860495e+00
   7.9220277e-01   4.9334851e-01  -1.2943798e+00  -8.2013685e-01  -1.2976956e+00  -8.2304430e-01  -3.1750175e-01  -1.8554880e-01  -4.4013348e-01  -2.6913336e-01   1.1142568e-01   7.5901955e-02
   8.0690250e-02   5.1620502e-02   1.4501027e+00   9.0798074e-01   1.6666108e-01   1.0160128e-01   1.0464063e-01   7.0883751e-02  -1.4338506e+00  -9.1591740e-01   2.8723946e-01   1.7940278e-01
  -1.5090382e+00  -9.6792245e-01  -3.1288242e-01  -2.0564832e-01  -5.6898826e-01  -3.5281551e-01  -5.2264309e-01  -3.3209389e-01  -6.6216475e-01  -4.2691222e-01   9.2218316e-01   5.8560807e-01
   3.3593995e-03  -9.1065448e-03   4.3132734e-01   2.6914239e-01  -7.3962665e-01  -4.6339527e-01  -1.3579549e+00  -8.6832488e-01   1.2737583e+00   8.1025118e-01  -2.7628607e-01  -1.6220814e-01
   3.1536463e-01   1.9281821e-01   4.8729920e-01   3.0396232e-01  -8.3968663e-01  -5.2418739e-01   5.4491234e-01   3.4941620e-01   8.1550911e-02   4.6186525e-02  -1.7217553e+00  -1.0776923e+00
   1.4200412e+00   9.1252959e-01  -6.7418382e-02  -5.4216724e-02   3.8510582e-01   2.4611108e-01  -1.0335507e+00  -6.6027772e-01  -3.6220759e-01  -2.3008156e-01   9.3800527e-01   6.0517085e-01
   2.6131731e-02   8.0263307e-03  -2.6363930e-01  -1.6742069e-01  -1.0071344e+00  -6.2679410e-01   1.6712080e+00   1.0709208e+00   2.7419287e-01   1.7313410e-01   5.6665641e-01   3.5841534e-01
  -8.8076359e-01  -5.6643289e-01  -1.5526156e+00  -9.9599534e-01   7.4797273e-01   4.7182611e-01  -7.6319806e-02  -3.9869312e-02  -9.8745488e-02  -6.3159354e-02  -7.0790875e-01  -4.4318816e-01
   6.3561626e-02   4.9316786e-02   7.7800059e-01   7.7018881e-01  -7.5897831e-01  -7.5891393e-01   9.1641098e-01   9.2632025e-01   8.7545764e-01   8.9215034e-01  -4.3482769e-01  -4.4016096e-01
  -8.8751864e-01  -9.1191345e-01  -4.1335207e-01  -4.1678393e-01   5.6353271e-01   5.7658136e-01   9.5933586e-01   9.8244917e-01   8.3076531e-01   8.5229826e-01   1.9746597e-01   2.1220951e-01
   8.6828417e-01   8.7250739e-01   1.5930016e-01   1.5399629e-01  -1.1296396e+00  -1.1438079e+00   3.7581924e-01   3.9255181e-01  -7.4163568e-01  -7.3916548e-01  -4.7706461e-01  -4.8168775e-01
  -8.3473235e-01  -8.5315007e-01   1.9982989e-01   1.8786938e-01  -1.0472029e-01  -1.1138421e-01   4.4406438e-01   4.6002904e-01  -1.1540155e+00  -1.1647420e+00  -8.2749581e-01  -8.3355373e-01
   2.1431464e-01   2.1627781e-01   6.9151992e-01   7.0116705e-01   6.4344275e-01   6.5265256e-01  -1.7197238e-02  -2.4965538e-02  -3.9385080e-01  -3.9001188e-01   1.3605758e+00   1.3921821e+00
   8.0300301e-01   7.9440367e-01  -1.4564301e+00  -1.4871191e+00   1.2247028e-01   1.2263435e-01   2.2640048e-01   2.4031079e-01   4.4822544e-03   1.6259149e-02   3.5245928e-01   3.5754812e-01
  -1.9570819e-01  -2.0770316e-01  -2.4942411e-01  -2.4847250e-01   1.5923566e+00   1.6059650e+00  -9.4897248e-02  -9.5885172e-02  -3.7000227e-01  -3.6324483e-01  -4.4743276e-01  -4.3890655e-01
  -1.0780840e+00  -1.1363479e+00  -2.3464820e-01  -2.5007975e-01  -4.1463888e-01  -4.2812210e-01  -1.0929474e+00  -1.1194425e+00   5.0327063e-01   5.2403015e-01  -2.2316583e-01  -2.1967757e-01
  -6.2441479e-02  -4.9805664e-02   4.6561196e-01   2.9174742e-01  -1.0766844e+00  -6.7893076e-01   5.8955735e-01   3.6543709e-01  -1.2922295e+00  -8.2364827e-01   9.3969399e-01   5.9926033e-01
  -7.4270970e-01  -4.6958336e-01  -7.0808285e-01  -4.5000967e-01  -1.5543671e+00  -9.8356438e-01  -3.9365116e-01  -2.5763667e-01  -3.1211695e-01  -2.0432493e-01  -7.4624455e-01  -4.7237954e-01
   1.3181701e+00   8.3319956e-01  -6.7156315e-02  -5.1352408e-02  -9.9100024e-01  -6.2307149e-01  -2.0755613e-01  -1.3976078e-01   1.0506133e+00   6.6762823e-01  -6.4677578e-01  -4.0038940e-01
  -8.8931972e-01  -5.6384856e-01   1.0763638e+00   6.8089718e-01   1.0725730e-01   7.7315949e-02  -1.4581425e+00  -9.3630278e-01   4.7139440e-02   2.2460423e-02   4.2129308e-01   2.6165918e-01
  -4.3389502e-01  -2.7680439e-01  -1.4479817e+00  -9.3175805e-01  -5.8685678e-01  -3.6909866e-01   4.1109890e-02   2.1856142e-02   4.3225789e-01   2.7236500e-01   1.1988789e+00   7.6756006e-01
   9.9859333e-01   6.3141173e-01  -9.2944044e-01  -5.8304828e-01   1.5013183e+00   9.5298707e-01   1.2555513e-01   6.7012154e-02  -3.0044788e-02  -3.3208728e-02   3.9297706e-01   2.4798027e-01
   4.2202422e-01   2.6202011e-01  -4.5731410e-01  -2.8285810e-01   2.5920865e-01   1.6124421e-01   1.6036492e-02   5.9223134e-04  -1.5656739e+00  -1.0058688e+00  -1.1663507e+00  -7.3970848e-01
   4.5864485e-02   2.9281609e-02   5.2881712e-01   3.2242900e-01   5.1364434e-01   3.2497147e-01   1.4920249e+00   9.3264306e-01   5.8889848e-01   3.5554489e-01   1.0939941e+00   6.9137198e-01
