   9.2817795e-01  -1.0880394e+00  -1.2683141e+00  -1.7262192e-01  -3.0321908e-01  -8.0598879e-01   6.4872485e-01  -1.6949914e-01   5.8084887e-01  -9.4592599e-03   3.9328031e-02   3.6947754e-01  -1.6982099e-01   1.5680592e+00   3.5277623e-01   1.9356628e-01
  -4.0495884e-01   1.6945653e-01   3.0248770e-01   4.3304521e-01   3.7141275e-01  -4.3180212e-02  -3.1704265e-01  -1.3032738e+00  -1.2826296e+00  -1.2056094e+00   1.1991874e+00  -6.6951025e-01   5.7180375e-01  -4.1077805e-01  -2.3962140e-01  -2.2665274e-01
  -7.7952242e-01   1.0357019e+00   2.9691610e-01  -5.4289895e-01   8.2758516e-01  -5.5072695e-02   2.8125656e-01   4.6184820e-01   3.0426141e-02   1.4185094e+00  -5.8812326e-01  -2.0099161e-02  -1.5162431e+00  -1.0947856e-01  -3.7332416e-01  -3.8300496e-01
  -1.3430861e-01  -4.0302122e-01   1.0118548e+00   6.7935854e-01  -1.2388071e+00   1.1703386e+00  -8.2555842e-01   1.2196333e+00   3.9815214e-01  -1.9344109e-01  -2.0349191e-01   4.1788757e-01   3.5340151e-01  -3.9316437e-01   4.7315401e-01   5.8774161e-01
  -7.9185870e-03   1.4800770e+00  -7.7465031e-04  -1.4442091e+00  -5.0245803e-03  -5.8015776e-01   1.0173022e-02   1.4774663e+00   5.3240038e-03  -1.0452647e+00   1.2690088e-02   2.1424277e-01  -7.0080403e-03  -2.3881441e-02   1.3445421e-03  -2.5428474e-01
   7.0008151e-03  -1.3145362e-01   5.6770798e-03   1.2422191e+00   2.0031851e-02   1.8668149e+00   1.0043973e-02   1.2654914e-02  -1.3408829e-02  -6.7196155e-01  -3.5212701e-03   1.3164660e-01  -1.4239599e-02  -1.5754750e+00   3.7679106e-03   4.9764518e-02
   2.4924933e-03  -1.0641069e-01   2.0652709e-03  -3.6807501e-01  -4.5264661e-03  -5.0627762e-01   9.4874371e-03  -9.3317306e-01   1.1082633e-02   1.0309988e+00  -4.5446255e-03  -1.0671341e-02  -1.5292061e-02  -5.4304373e-02  -3.3963670e-03   2.3789783e+00
   2.0852112e-03  -4.5841876e-01  -1.6062174e-02   1.1500224e+00  -8.1157247e-03  -3.4908694e-01  -5.2366769e-03  -1.4565685e-01   8.2845701e-04  -3.0991602e-01  -9.8566653e-04  -1.7553749e+00   6.6380515e-03   1.7268529e+00  -1.2723269e-02  -4.0527779e-01
   4.7442908e-03   7.2135568e-02   3.3474498e-04   1.3576751e+00  -6.3880789e-03   8.4989560e-01   7.4200202e-03   1.4497505e+00   1.7255083e-04   1.6623472e+00   1.1566556e-03   2.0526899e-01  -1.2815327e-03   6.5488780e-01  -4.6714800e-03   3.0473086e-01
   2.4438805e-03   7.3611781e-02   2.6497370e-04  -1.6372369e-01  -3.4296133e-02  -6.7478043e-01  -1.7963952e-04   5.6238943e-01  -1.5719343e-02  -1.8296239e+00  -4.9584880e-03   2.3756734e-01   1.0108504e-02  -1.5076406e+00   6.4618499e-03   1.2319193e+00
  -6.7270924e-03   1.1110684e-01   1.2125914e-02  -2.4339235e-01  -1.3554174e-02   6.4158511e-01   1.3300529e-04  -1.4544666e+00  -7.1375747e-04  -1.3498272e-01   1.3388330e-02  -2.2131116e+00  -4.5067728e-03   4.1995382e-01  -6.8749678e-03   5.5519634e-01
   3.4628189e-03  -2.1241994e-01   2.7291484e-03  -4.6206734e-01  -1.3305540e-02  -3.4265244e-01   4.5273826e-03  -8.8876283e-01  -5.0276825e-03   2.7563009e-01   2.2289678e-03   7.4753070e-01   1.2977026e-02  -1.2745364e-01  -8.5953185e-03  -2.4864740e+00
  -1.7819269e+00  -1.9042218e-03   1.6024615e-01  -1.0736780e-02  -1.2771999e+00   4.1708238e-03  -4.7168604e-01   9.1981431e-03   3.8616550e-01  -7.8485291e-03   2.6566020e-01  -7.8012887e-03  -1.5735965e+00   3.2860171e-02  -4.9797451e-01  -4.8897946e-03
  -7.2357804e-01  -1.5671605e-02  -1.2754120e+00  -2.3736001e-03   4.3781766e-01   1.9790173e-02   1.2163093e+00  -1.3775219e-02  -1.1311252e+00   8.2666436e-03  -1.3043166e+00  -7.9695741e-03   1.0518991e+00   4.6475991e-03   3.0062193e-01  -1.1369742e-02
   1.6392548e+00  -8.3320690e-03   1.7218945e+00  -1.8636296e-02  -4.2009339e-01   1.2980131e-02   1.3165172e+00  -3.7140131e-02  -1.0650767e-01  -4.4494565e-03  -2.3839362e-01   1.1501851e-04   3.4273681e-01   1.2840480e-02  -5.0042528e-01  -2.8195479e-03
   5.9197402e-01  -1.6230328e-02  -3.4743613e-01  -1.1389589e-02   1.0408288e+00   7.9556489e-03  -1.6651838e+00   2.3895745e-04   2.4699499e-01   7.0960512e-03   1.3202181e+00   3.5424177e-03   2.0847431e-01   1.5819220e-02   1.3507004e+00   9.4250720e-03
   1.4525953e-01  -1.3743607e-02  -1.0624307e+00   2.1004311e-03   2.6813689e-01   3.0157533e-03  -5.2902531e-03   1.7597144e-03   6.8700159e-01  -7.2858436e-03  -1.7477194e+00   1.1054628e-02  -1.7056134e+00   1.6961852e-02  -5.8474374e-01   3.1501213e-03
  -8.3652735e-01  -5.5066654e-03  -1.0013227e+00  -5.0049066e-03   1.3328408e+00  -6.7787468e-03  -7.8213448e-03  -4.4360477e-03  -4.5417741e-01  -2.1626119e-02   8.0562758e-01  -1.2210469e-02   1.8605489e+00   3.4392555e-03  -4.5091909e-01   3.9850087e-03
  -1.2613285e+00  -9.6458066e-03   3.4796962e-01  -2.7810743e-03  -1.6876535e+00  -8.3940998e-03   1.6859995e+00   5.8067571e-03  -9.1916353e-02  -7.5757136e-03   1.1682379e-01  -6.9787921e-03  -5.8033414e-02   1.2278114e-02   7.5582373e-01  -1.7838960e-03
   1.7697257e+00  -1.4862505e-02   7.2957295e-01  -3.6771670e-03  -8.8642877e-01   1.8730920e-02  -1.5728039e+00   5.4957578e-03  -1.0055791e+00  -1.4558244e-02   1.8399784e-01  -1.7044736e-02   1.7244945e-01   1.9636843e-02  -5.7377722e-03   2.4948858e-03
