  -5.3149727e-03   1.1766656e-01   8.5845485e-04  -1.7395243e-01  -8.6917300e-03   1.0501215e+00   5.8669113e-03  -1.8027526e+00   5.1527563e-04  -5.6370455e-01  -2.6504425e-03  -1.1337172e+00
  -1.2177945e-02  -1.9021373e+00  -3.4931130e-03  -3.3169386e-01  -6.9657285e-03  -3.3747947e-01  -1.8669488e-03   1.5049456e-01   2.8194650e-03   4.1326298e-03  -5.2720178e-03   1.4611797e+00
  -8.4122831e-01  -1.0728045e-02  -1.8952075e+00  -1.7161924e-02  -3.0246681e-01  -3.3929558e-03   4.0947464e-01   8.4853461e-03  -5.5174094e-01  -2.4895172e-03  -1.0660444e+00   7.5104588e-04
   2.6739115e-01  -2.1534937e-04  -2.6101721e-02  -7.2392318e-03   1.3386046e+00   2.8446833e-02  -1.0738156e+00  -8.3417324e-03   7.5360507e-01   1.6739013e-03   1.5535110e+00   2.5062712e-02
   2.4875090e-01   2.0665321e-02   5.0791925e-01   7.9137459e-03  -1.9011276e+00  -5.0622867e-03  -1.3289336e+00  -6.7240223e-03  -4.6696964e-01   1.4828151e-02   2.8450406e-01   2.5082459e-03
   5.8359712e-01   1.0363965e-02  -1.3371258e+00   3.6834958e-03   2.9750523e-01  -6.7777918e-03   1.7606024e-02  -7.8081721e-03   1.9290471e+00  -8.1536127e-03  -2.4708039e-01   1.1148699e-02
   1.1856956e+00  -7.8651205e-02  -2.8516251e-01  -1.3882539e+00   7.0767000e-02  -1.5112780e-01   1.1958125e+00  -9.1661239e-01   2.6463348e-01   3.4776977e-01   1.2753904e-01   2.7228498e-01
  -7.4561363e-01  -5.7959706e-01  -7.8718102e-01   7.4753112e-01  -5.8910471e-01   1.0689691e+00  -1.0631659e+00  -3.4909558e-01   6.1341316e-01  -6.9766736e-01   1.2202433e-01  -5.5662918e-01
  -8.3908262e-03   3.1341091e-02  -1.1618306e-02  -6.8711895e-01   6.7372443e-03   1.0188774e+00   4.9190414e-03   4.8839778e-01  -6.7152521e-03  -1.8574393e+00  -1.2607240e-02   8.9424938e-01
   1.7542185e-02  -1.7504703e+00  -1.7263690e-02   1.0385269e+00   6.7405235e-03   6.8348575e-01  -2.6656447e-03   3.7090740e-01  -2.2108557e-03   8.1227684e-01  -7.5284010e-03  -7.6946491e-01
