   2.1861585e-02   1.8278927e-01  -5.4665700e-02  -1.1646436e+00   6.6127419e-02   1.0354747e+00  -1.5288332e-03  -2.1647880e-02   7.7062592e-02   1.3146571e+00   3.6202110e-02   3.8403696e-01  -9.1791347e-02  -1.6242514e+00
  -9.9502495e-03  -1.1017116e-01   5.5294059e-02   6.4272553e-01  -1.1142261e-02  -1.3561393e-01  -2.9770788e-02  -4.3348277e-01   1.1272409e-01   1.6654456e+00   9.5139839e-02   1.4016511e+00   8.1900872e-02   1.2639223e+00
  -6.6796660e-02  -1.2239300e+00  -1.5037478e-02  -3.6876839e-01  -5.3344216e-02  -9.8372406e-01   2.4750524e-03   5.9052408e-02  -8.2329269e-03  -1.5826310e-01  -1.0994449e-01  -2.0630140e+00   1.3074563e-02   3.0637541e-01
   6.7616522e-02   1.3731936e+00   2.8597407e-02   5.1276487e-01  -1.3923934e-02  -2.7283871e-01  -9.6051469e-02  -1.8906183e+00   4.2303056e-02   7.2005653e-01  -3.2602686e-02  -6.6372001e-01  -1.7416907e-02  -4.7493312e-01
   4.3351594e-02   7.2515064e-01  -7.3909514e-02  -1.2571154e+00   7.6513700e-02   1.1520313e+00   5.7752985e-03   5.3203743e-02  -4.3063141e-02  -8.1131625e-01   2.1441439e-02   2.4607347e-01   1.0059722e-01   1.6790951e+00
   2.4827341e-02   4.6492553e-01   1.1810844e-01   1.7957373e+00   5.8513738e-02   1.1452284e+00   1.6717415e-02   4.8583671e-01  -7.7504605e-02  -1.2591662e+00  -2.8130768e-02  -3.4005883e-01  -3.4328502e-02  -5.3310490e-01
   2.5405809e-02   3.7615994e-01  -6.2978654e-03  -3.2147389e-02  -9.3578119e-03  -2.9618287e-01   1.3026965e-01   2.3507283e+00   3.0107796e-02   4.2819089e-01  -3.9908797e-02  -6.6682249e-01  -4.1916296e-02  -7.7059919e-01
  -8.8445477e-02  -1.6906008e+00   1.7831141e-02   2.6005712e-01   3.4283578e-02   5.7422680e-01  -1.4173319e-02  -3.1022310e-01  -1.9024584e-02  -4.2095688e-01   1.1860332e-01   1.8289826e+00  -3.0797077e-02  -3.1778628e-01
   6.2708372e-01  -4.9952504e-01   8.7482202e-01  -7.2457027e-01  -6.7768013e-01   5.7162893e-01   4.9232987e-01  -4.0612987e-01  -4.4455454e-01   3.6624366e-01  -1.1105338e+00   9.3613791e-01  -9.2729759e-01   7.5650525e-01
   5.0484461e-01  -4.1861933e-01  -3.1233901e-01   2.7553311e-01  -3.6973721e-01   3.4150511e-01  -1.3919239e-01   1.2118095e-01  -5.7457185e-01   4.9220756e-01   2.7046604e-03   2.2499487e-02   1.8076195e+00  -1.5061946e+00
  -1.2214127e-01   1.1154740e-01  -3.7424800e-01   3.0660695e-01  -8.9871442e-01   7.6860005e-01   1.2514856e-01  -9.9491514e-02  -1.3747226e+00   1.1394817e+00   1.0627764e+00  -8.9456081e-01  -3.4069452e-01   2.8370625e-01
   1.1546696e+00  -9.7569650e-01  -6.1435097e-01   5.1462924e-01   7.2867578e-01  -6.0218191e-01  -1.1103455e+00   9.3679148e-01  -4.0287384e-01   3.4325182e-01  -2.0359017e-01   1.7469309e-01  -6.4327639e-01   5.5004191e-01
   4.4082069e-01  -3.6483103e-01   5.8122921e-01  -4.9160558e-01   6.3498616e-01  -5.1843065e-01   1.4149041e+00  -1.1807891e+00   6.8536627e-01  -5.9242284e-01  -1.1297855e-02   3.1056486e-02   8.4059417e-01  -7.0462459e-01
  -1.3593261e+00   1.1583859e+00  -1.0919131e-01   9.6929774e-02   9.9377584e-01  -8.1843632e-01   6.8529606e-01  -5.8098209e-01   1.7124128e-01  -1.5168768e-01  -6.3762742e-01   5.4803365e-01  -5.8479494e-01   4.7247228e-01
   2.2663619e-01  -1.8588935e-01  -6.4190245e-01   5.3162855e-01  -7.4663734e-01   6.3845730e-01   5.0064641e-01  -4.1842148e-01   1.4176146e+00  -1.1867088e+00   7.8397840e-01  -6.4747500e-01  -4.7275233e-01   3.9159301e-01
  -6.7992377e-01   5.8289999e-01   7.6582247e-01  -6.5822673e-01  -8.2839429e-01   7.1030408e-01  -1.3597394e+00   1.1358317e+00   5.2643579e-01  -4.2836264e-01  -2.1450689e-01   1.8517037e-01   4.1869134e-01  -3.6356238e-01
  -5.5681527e-02  -9.9232930e-01  -1.1895718e-01  -1.9155790e+00  -3.9533652e-02  -6.2574309e-01  -7.0413551e-03  -1.6184764e-01  -6.7862801e-02  -1.0664793e+00  -1.4094171e-03   6.2260847e-03   6.1059650e-02   8.7377024e-01
   6.4624846e-02   1.0192094e+00   4.1802883e-02   7.2038788e-01   5.2199572e-02   1.0326593e+00  -4.6320796e-02  -7.5967664e-01   2.2217557e-03   3.4173658e-01  -2.5447084e-02  -4.8017740e-01   1.0770049e-01   1.8515828e+00
   1.1505598e-01   1.7838960e+00  -5.5989943e-02  -1.1246650e+00  -3.5590682e-02  -6.4121157e-01   1.1407389e-02   4.2017855e-02  -6.0319796e-02  -7.0763177e-01   3.8837954e-02   7.1581608e-01  -5.7986841e-02  -1.0490526e+00
  -1.8671459e-03  -3.1882268e-01   6.7937799e-02   1.0330474e+00   5.8311783e-02   1.1278499e+00   9.7553976e-02   1.6937983e+00   2.7139739e-03   2.1354605e-01   5.0320603e-02   1.0063713e+00  -3.3029787e-02  -7.8141838e-01
  -5.2429598e-02  -9.8169482e-01  -2.0951236e-02  -2.5558773e-01   1.0508389e-02   6.1222725e-02  -4.7733616e-02  -9.3173349e-01   1.2263277e-01   2.1729350e+00  -1.6964557e-02  -2.9453459e-01  -2.7796425e-02  -5.1865387e-01
   4.9496017e-02   6.5110701e-01   6.0052317e-02   1.0649410e+00  -9.1036476e-02  -1.5829400e+00   8.4263839e-02   1.4700698e+00   1.0030286e-02   1.7301223e-01   5.3340039e-04   3.9532647e-02   4.9639072e-02   8.4832215e-01
   8.0461167e-03   3.4231439e-02   9.4165683e-02   1.4929706e+00  -5.2495502e-02  -7.7727717e-01  -6.6860013e-02  -1.1821327e+00  -9.0045780e-02  -1.3046045e+00  -1.9173132e-02  -3.3856907e-01  -3.5187270e-02  -9.6217221e-01
  -2.3514196e-02  -4.2125675e-01  -3.2748953e-02  -5.3567713e-01   1.5338294e-01   2.2424195e+00   1.2289627e-02   2.9339358e-01  -6.3212603e-02  -8.4499884e-01  -4.2313881e-02  -7.9622394e-01  -8.8517265e-03  -2.0470327e-01
  -7.4771619e-01   6.0889637e-01  -1.6032039e-01   1.3073428e-01   4.7133499e-01  -3.9184290e-01   3.6405551e-01  -3.1089780e-01  -4.9183762e-01   4.2061022e-01  -9.6882010e-01   8.1888515e-01   1.4091481e+00  -1.1869205e+00
   1.4270413e+00  -1.1941695e+00  -5.4522741e-01   4.4956192e-01   4.6432528e-01  -3.8854814e-01  -3.8597974e-01   3.1726974e-01   1.0955358e+00  -9.1172433e-01   2.3689613e-01  -1.8897289e-01   4.1119352e-01  -3.5996589e-01
   1.6517232e-01  -1.5210958e-01  -2.0206764e-01   1.7206311e-01  -2.2290401e-01   1.8877389e-01   8.2584101e-01  -7.1844691e-01   3.4334618e-03   5.5678114e-03   1.7567383e+00  -1.4782853e+00   4.2630285e-01  -3.7737200e-01
   1.6676633e-02  -1.9093087e-02   1.9831836e-01  -1.7408472e-01  -8.7377578e-01   7.2571236e-01   4.0802586e-01  -3.4909704e-01   1.2942780e+00  -1.0829791e+00  -1.2167968e+00   1.0101386e+00  -3.6929686e-02   2.9802136e-02
   1.6711421e-01  -1.5515488e-01  -1.7183720e+00   1.4407548e+00  -3.2196954e-01   2.6345041e-01   8.0138631e-03  -4.1105282e-03  -2.8558367e-01   2.3808524e-01  -3.9888546e-01   3.2930905e-01  -8.9310408e-01   7.3677599e-01
  -1.0419479e-01   8.5220501e-02   1.4340445e+00  -1.2184172e+00  -4.0256408e-01   3.4309402e-01  -5.8563560e-01   4.8794112e-01  -5.6246209e-01   4.7665083e-01   1.0262115e+00  -8.5157561e-01  -3.8933676e-01   3.2649127e-01
  -1.8442315e+00   1.5323075e+00  -3.5171366e-01   2.9761225e-01  -3.5771611e-01   2.9561800e-01  -4.3526763e-01   3.6429861e-01   3.7950236e-01  -3.2162365e-01   3.8570422e-01  -3.1837621e-01  -5.0627619e-02   2.9790966e-02
  -1.2688898e-01   9.9245302e-02   5.9472525e-01  -5.0346798e-01   1.7123005e+00  -1.4270235e+00  -7.9925174e-01   6.7208314e-01   2.7195534e-01  -2.2586024e-01   7.9818353e-02  -6.9241896e-02  -3.2540804e-01   2.5685415e-01
