   2.5986865e-01   1.1334633e-01  -3.2648033e-01  -1.4959721e-01   8.4137686e-02   3.2777648e-02   2.7095109e-01   1.2584387e-01   1.8435482e+00   8.1911260e-01   7.5155044e-01   3.4353441e-01  -1.0006161e+00  -4.3929276e-01  -1.2100602e+00  -5.3134924e-01
  -6.3433361e-01  -2.8611925e-01   2.1282630e-01   8.2612723e-02   8.3093548e-01   3.6742881e-01  -1.4597179e+00  -6.5525490e-01  -9.5751023e-01  -4.3073308e-01   6.3513362e-01   2.9495725e-01   5.1147276e-01   2.2471040e-01  -1.3450879e+00  -6.0326707e-01
   5.4258460e-01   2.4113093e-01  -9.7884759e-02  -5.0813731e-02  -4.4582635e-01  -2.0418623e-01   1.4881314e-01   6.4323932e-02  -1.8057470e+00  -8.0158716e-01   7.4481302e-01   3.4076655e-01  -1.3465486e+00  -6.0079545e-01   7.1725243e-01   3.2530832e-01
   3.0685800e-01   1.3720812e-01   5.1351398e-01   2.1976428e-01  -2.0344280e-01  -7.8926332e-02   1.0603048e+00   4.7120440e-01   1.0497650e-01   4.8370577e-02   7.1167648e-01   3.0880105e-01   2.1040308e+00   9.3701941e-01   4.6646732e-01   2.0827246e-01
   3.6585048e-01   4.5500404e-01   1.1403649e+00   1.4257908e+00   1.0786552e+00   1.3389409e+00   4.9402643e-02   6.8567075e-02   2.9067600e-01   3.6305481e-01   6.4029306e-01   8.0670995e-01   7.0439309e-02   9.3009047e-02  -1.7403594e-01  -2.0360148e-01
   3.0886952e-02   5.0229635e-02  -3.3959070e-01  -4.2549518e-01  -9.3352658e-01  -1.1764858e+00   5.5685586e-01   6.9105750e-01  -2.3365033e-01  -2.7614462e-01   6.3377327e-01   7.8579617e-01  -2.5069162e-01  -3.0758107e-01  -1.1372325e+00  -1.4339361e+00
  -6.5257502e-01  -8.1217426e-01  -9.2703247e-01  -1.1499542e+00   8.9596987e-01   1.1016639e+00   6.2921047e-01   7.7487534e-01   3.2920074e-01   4.2001373e-01  -6.0057610e-01  -7.3444527e-01  -3.1688330e-01  -4.0288812e-01   3.2497379e-01   4.0834489e-01
   1.3487570e+00   1.6700196e+00  -1.8675460e-01  -2.2307101e-01  -5.3015709e-01  -6.6138524e-01  -1.8855454e-01  -2.3292528e-01  -5.9355614e-03  -1.1298849e-02  -5.8359563e-01  -7.4146384e-01   5.6715333e-01   7.0378673e-01   5.5945134e-01   6.9171274e-01
   1.1634149e-01  -3.4083870e-01  -1.7428871e-02   5.6315262e-02   6.6379048e-03  -2.6673192e-02   6.3237935e-01  -1.8284429e+00   2.4113794e-01  -6.9631755e-01  -3.0748487e-01   9.2730761e-01   4.8771361e-01  -1.4289893e+00   1.7980933e-01  -5.5973047e-01
  -2.1257874e-01   6.1206502e-01   5.3995919e-01  -1.5752116e+00   2.0137891e-01  -5.5811107e-01  -4.4960672e-01   1.2930945e+00   2.0067638e-01  -5.8127064e-01   3.6411375e-01  -1.0517142e+00   2.8518122e-01  -8.5456532e-01   1.2282667e-01  -3.7085399e-01
   2.0971261e-01  -6.0725641e-01  -3.5374805e-01   1.0378444e+00  -4.4449359e-01   1.3155057e+00  -5.7214129e-01   1.6536047e+00   2.1160041e-01  -6.1262381e-01  -2.8228894e-01   8.1350935e-01  -1.6106333e-01   4.5559850e-01   4.2450735e-03  -4.5181797e-03
  -2.9986823e-01   8.9831293e-01   3.5265109e-01  -1.0317014e+00   1.1457304e-02  -3.7616290e-02   5.3337708e-02  -1.7772588e-01  -4.3416229e-01   1.2714468e+00  -2.5267604e-01   8.0800658e-01  -4.8431373e-01   1.3920944e+00   3.5547397e-01  -1.0284566e+00
   1.7311736e+00   7.7442569e-01  -4.4882667e-01  -1.8943630e-01   7.2782916e-01   3.2706463e-01  -1.2401212e+00  -5.4066306e-01  -3.6400029e-01  -1.6455849e-01  -9.5831192e-01  -4.2599753e-01   5.4697615e-01   2.2769986e-01  -2.7136949e-01  -1.2233235e-01
  -1.3163108e-01  -5.6469243e-02  -1.8666925e+00  -8.3386815e-01   6.3992143e-01   2.7963266e-01   1.0348707e+00   4.7517449e-01   1.3514931e-01   6.8540387e-02   1.1217680e+00   4.9160293e-01  -2.6985323e-02  -2.5988000e-02  -6.3736057e-01  -2.9074714e-01
  -5.2747542e-01  -2.3891793e-01   4.1958120e-01   1.8412349e-01  -1.1196698e+00  -5.0078249e-01  -8.7833601e-01  -3.8548309e-01   6.7892921e-01   2.9839855e-01   8.9139414e-01   3.8310015e-01  -2.7148873e-01  -1.1227679e-01   1.6940510e+00   7.6339203e-01
  -2.1597642e-01  -8.4128283e-02   1.3934572e+00   6.1353827e-01  -1.4298606e-01  -5.9689969e-02   1.8506269e+00   8.2087302e-01  -4.3204758e-01  -1.9925472e-01  -9.9192232e-01  -4.3595076e-01  -2.4761844e-01  -1.2922394e-01  -1.5043426e-01  -6.7005128e-02
   2.4589181e-01   3.0629012e-01   2.5886092e-01   3.2102281e-01  -2.1904212e-01  -2.8968468e-01   2.4292974e-01   3.0159327e-01   9.5937258e-01   1.2194554e+00   6.0854888e-01   7.8202915e-01  -1.2280123e+00  -1.5448120e+00   2.0975508e-01   2.5683680e-01
  -1.0442849e+00  -1.2908882e+00  -4.1082460e-01  -4.9732926e-01  -5.1610613e-01  -6.4712542e-01  -1.7877288e-01  -2.1296410e-01   4.1397908e-01   5.0614178e-01   6.5724546e-01   8.3354926e-01   9.8410964e-01   1.2196127e+00   1.4264613e-01   1.8412927e-01
  -4.1118225e-01  -5.2631354e-01   8.0670106e-01   9.9930471e-01  -6.7826025e-02  -8.5111089e-02   9.9033989e-02   1.2581897e-01  -4.5906037e-01  -5.7312137e-01  -6.8293023e-01  -8.5227114e-01  -1.0552288e-01  -1.4735672e-01  -1.2701216e+00  -1.5776702e+00
   7.0057493e-01   8.7623501e-01  -6.3515282e-01  -8.0591255e-01   8.4058833e-01   1.0412093e+00   5.8640886e-02   6.4351395e-02  -1.0660439e+00  -1.3137908e+00   5.8643144e-01   7.4318552e-01   1.6804916e-01   1.9551766e-01  -1.5698111e-01  -2.0093274e-01
  -3.0106434e-01   8.8170397e-01   6.9137454e-02  -2.3345293e-01  -5.4426283e-01   1.6121957e+00  -6.0888946e-02   1.8230298e-01  -3.4004319e-02   9.1000013e-02  -3.6184359e-01   1.0778801e+00   2.4921733e-01  -7.3809654e-01  -4.8880821e-01   1.4114944e+00
  -5.6629051e-02   1.5446530e-01  -4.3195486e-02   1.0585263e-01   6.9936818e-01  -1.9973071e+00  -1.6408427e-01   5.0804657e-01   4.3014151e-01  -1.2136490e+00  -3.5803926e-01   1.0358574e+00  -1.4398912e-01   4.2151672e-01   1.2138147e-01  -3.5238677e-01
   7.0392084e-01  -2.0594814e+00   3.4600559e-01  -1.0620668e+00  -1.9013304e-01   5.3550619e-01   2.1675088e-01  -5.9518504e-01   9.9347802e-03   2.0082708e-02   3.7581012e-01  -1.0460324e+00  -7.1575351e-02   2.2374360e-01  -2.6051642e-03   8.4777847e-03
  -3.7429938e-01   1.0731969e+00  -3.5502613e-01   1.0230039e+00  -4.5829829e-02   1.1422631e-01   9.2750959e-02  -2.4425963e-01  -4.2601848e-01   1.2716980e+00   3.2472476e-01  -9.5154220e-01   7.4941501e-02  -2.1290532e-01   5.1890498e-01  -1.5239295e+00
