  -1.7470399e+00  -3.1666356e-01  -5.7094991e-01  -1.0057811e-01   6.4597353e-02   1.6544638e-02  -7.8730518e-01  -1.3618067e-01   9.1676551e-01   1.6785643e-01
  -1.1778214e+00  -2.1916385e-01  -1.7455824e-01  -3.4780450e-02   1.6895331e+00   3.1207547e-01  -9.9344309e-03  -1.4736470e-03  -7.5005120e-01  -1.3576776e-01
   1.0966971e+00   2.0040873e-01  -5.0097895e-01  -9.8739572e-02  -4.1900031e-02  -5.9600114e-03   1.6807754e+00   3.1294474e-01  -7.4407500e-01  -1.3410181e-01
  -5.6514420e-02  -9.8891575e-03  -2.0655618e+00  -3.6868706e-01  -6.4319301e-01  -1.1938503e-01   3.3169726e-01   6.2789999e-02  -2.2465758e-01  -4.2958729e-02
  -1.3458846e+00  -2.5231177e-01   4.5205511e-02   4.7698840e-03  -1.3230792e+00  -2.4984938e-01  -6.1299007e-02  -7.2217733e-03  -1.1230043e+00  -2.1202621e-01
   9.3749028e-01   1.7205089e-01  -3.5089153e-01  -5.7490453e-02   1.4144162e+00   2.5242665e-01  -1.2293663e+00  -2.2579458e-01  -5.7247794e-01  -1.0359669e-01
   3.2088298e-01   6.0338713e-02   1.6677864e+00   3.1799576e-01  -1.7826930e-01  -3.5109866e-02   4.2346251e-01   7.3205888e-02  -1.3159289e+00  -2.4778822e-01
  -1.9302981e-02  -3.6037486e-04   3.7416175e-01   6.8832152e-02   1.2560461e-01   1.8986439e-02   1.0576875e+00   1.9389606e-01   1.8883040e+00   3.4170970e-01
  -5.8393490e-01  -1.3823719e-01  -1.7752560e+00  -3.9066520e-01   3.4802017e-01   7.3022760e-02  -1.0592084e+00  -2.3241164e-01  -1.7950849e-01  -3.3841763e-02
  -1.1489376e+00  -2.5116017e-01   1.4544516e+00   3.1934866e-01  -7.4830586e-01  -1.6104060e-01   1.8728258e-01   4.1685879e-02  -8.6100489e-01  -1.8817803e-01
   1.7901967e+00   3.9662683e-01  -6.5649581e-01  -1.3959101e-01  -1.1711748e-01  -2.3448179e-02  -2.0780095e-01  -4.2757239e-02  -1.0374545e+00  -2.2764590e-01
   1.6468564e+00   3.5767817e-01   1.2525473e+00   2.7540681e-01   3.3772802e-01   7.6178312e-02  -3.0885193e-01  -6.4512394e-02   5.3166306e-01   1.1457010e-01
  -5.7356411e-01  -1.3102753e-01   5.7117812e-02   1.3908796e-02   1.7671827e+00   3.7962082e-01  -7.9980403e-01  -1.7688802e-01   8.2563245e-01   1.7523727e-01
   4.5050383e-01   9.6596092e-02   1.2800138e-01   2.3504175e-02  -1.3699625e+00  -3.0159366e-01  -1.5004028e+00  -3.3533621e-01   6.4775425e-01   1.4063296e-01
   5.1998276e-01   1.0275626e-01  -8.2532769e-01  -1.7312875e-01  -6.2073812e-02  -1.1461004e-02   1.9410331e+00   4.0596274e-01   2.6242143e-01   5.1520552e-02
  -1.0255224e+00  -2.2881135e-01  -4.5616004e-01  -1.0232537e-01  -7.8298718e-01  -1.6828196e-01   3.5753238e-01   7.4759662e-02   1.6643585e+00   3.6400822e-01
   9.6462578e-01   1.7820653e-01   7.9323196e-01   1.4396119e-01  -5.2765089e-01  -8.7859333e-02   1.5056100e+00   2.7424541e-01   8.5610670e-01   1.6331594e-01
   2.5516939e-01   4.2973667e-02  -1.2518711e+00  -2.3295033e-01  -1.1204387e+00  -2.1117669e-01   4.4487599e-01   8.1901908e-02   1.3209935e+00   2.4893677e-01
  -6.8675160e-01  -1.3013414e-01   1.1523939e+00   2.0230664e-01   4.1833013e-01   7.4662194e-02   1.5010171e+00   2.7271160e-01  -7.8384763e-01  -1.4171143e-01
  -1.1233418e+00  -2.0696341e-01   1.1046852e+00   1.9672421e-01  -1.4175051e+00  -2.5852272e-01  -5.3618336e-01  -1.0061533e-01   2.4557488e-01   4.6501383e-02
   2.8791621e-01   4.2806983e-02  -5.9609872e-01  -1.1370200e-01  -1.5653403e+00  -2.9297045e-01   2.4955459e-01   4.4930115e-02  -1.3706822e+00  -2.6042661e-01
  -2.0865393e-01  -3.5123680e-02  -1.2264479e+00  -2.1666117e-01   6.3870579e-01   1.1537252e-01   6.4443922e-01   1.2698925e-01  -1.5719854e+00  -2.8335616e-01
   1.4488883e+00   2.6659179e-01  -4.4187535e-02  -1.8039782e-02   1.4997531e-01   2.7896792e-02  -1.6461319e+00  -3.0551961e-01   3.1273268e-02   5.7018488e-03
  -1.0572203e+00  -1.9570972e-01  -7.7893317e-01  -1.4094125e-01   1.5357949e+00   2.7147275e-01   6.9372368e-01   1.2783974e-01   5.2764094e-01   9.4960116e-02
  -6.5242226e-04  -2.3495196e-03  -5.7875955e-01  -1.2913598e-01  -9.8395342e-01  -2.0802690e-01  -1.5902671e+00  -3.4292459e-01  -9.7155374e-01  -2.1552970e-01
   1.3236299e+00   2.7238789e-01  -1.3291900e+00  -2.9487854e-01  -1.1095839e+00  -2.3800983e-01  -3.4077637e-02  -6.9423448e-03   1.7277858e-01   3.4977473e-02
   1.7872159e+00   3.7276718e-01  -2.6678042e-02  -5.1681921e-03   9.2687868e-02   3.1955890e-02   7.7054578e-01   1.6146871e-01   9.9655628e-01   2.0884500e-01
  -3.7552094e-01  -9.5518328e-02   1.5447725e+00   3.3781084e-01  -1.0631720e+00  -2.2251077e-01   2.3198897e-01   4.5393392e-02   1.0308489e+00   2.2593574e-01
   5.7119715e-01   1.2637083e-01   7.2582084e-01   1.6068184e-01   1.0156226e+00   2.3292311e-01  -1.6541893e+00  -3.6648497e-01   3.7656108e-01   8.3279476e-02
   6.3722724e-01   1.2219517e-01   6.9794041e-01   1.5346333e-01   1.8714494e+00   4.1603440e-01   5.6682318e-01   1.2386516e-01  -2.3209806e-01  -4.9296275e-02
  -3.1185880e-01  -7.4082635e-02   7.2535172e-02   1.8400593e-02  -1.3587846e-01  -2.9150823e-02   9.2165911e-01   2.0233627e-01  -1.9494884e+00  -4.2596164e-01
  -7.0690143e-01  -1.5674411e-01  -1.4590875e+00  -3.1956553e-01   6.5821975e-01   1.5190586e-01   8.7732822e-01   1.9392328e-01   9.6896297e-01   2.0526750e-01
