  -5.9261924e-01  -3.5976502e-01   3.0841374e-01   1.8057796e-01  -9.8925465e-01  -6.0467005e-01  -1.1099929e-01  -8.2671203e-02   6.8064392e-01   4.2111936e-01  -5.0763762e-01  -3.1716534e-01   1.7089335e+00   1.0530322e+00
  -1.0371880e-02  -7.9477057e-03   1.0563999e+00   6.3808185e-01   7.4571240e-01   4.6632877e-01  -1.3681129e+00  -8.6306542e-01  -1.0178374e+00  -6.2080020e-01  -1.0705384e-02  -5.5958065e-03  -6.9251835e-01  -4.3060637e-01
  -2.0694886e-01  -4.3509960e-01   3.3761519e-01   7.4794269e-01  -8.0469674e-01  -1.7359593e+00   2.4191953e-01   5.5405563e-01  -4.5660079e-01  -9.7062248e-01   3.1441751e-01   7.1481299e-01   2.3658670e-01   5.0148028e-01
  -8.9998066e-02  -1.7406903e-01  -1.2611216e-01  -2.4561720e-01   7.9345143e-01   1.7232773e+00  -1.9493876e-01  -4.5587569e-01  -3.4696039e-02  -6.0890444e-02   6.6171825e-01   1.4585539e+00   2.8732666e-01   6.2255549e-01
  -5.2620247e-02   6.2406465e-02  -3.3692822e-01   4.9281290e-01  -4.1414928e-01   5.5749178e-01   4.5661432e-01  -6.1836565e-01   4.2178032e-01  -6.0190201e-01   9.8116201e-01  -1.3412926e+00  -8.8755709e-01   1.2141147e+00
   1.3505098e+00  -1.8576313e+00   6.4555722e-01  -8.8219738e-01   1.6153905e-01  -2.3975688e-01   5.3368066e-02  -5.5438202e-02   1.5609027e-01  -2.0816946e-01  -2.0864664e-01   3.0705163e-01   2.9192305e-01  -3.8740227e-01
  -2.0881541e-01  -1.2176477e-01   8.3917326e-01   5.2243745e-01  -3.5692337e-01  -2.2878878e-01  -8.3054203e-01  -5.0845480e-01   1.3623716e+00   8.4952122e-01   1.2434423e+00   7.6809704e-01  -2.9595104e-01  -1.8681669e-01
   1.0371082e+00   6.4430553e-01   4.3241853e-01   2.6961106e-01   1.4244029e-01   1.0358892e-01   1.2683914e+00   7.8300297e-01  -8.6255550e-01  -5.3575456e-01   1.0284954e+00   6.3114107e-01   6.1889291e-01   3.5561979e-01
  -6.7771739e-01  -1.4678255e+00   7.6510787e-01   1.6825750e+00   1.7443675e-01   3.7727666e-01   6.8645187e-02   1.5674175e-01  -3.5407484e-01  -7.9927576e-01  -1.8523084e-02  -1.6040634e-02  -2.6613351e-02  -4.6610855e-02
   5.2880410e-02   9.3181163e-02  -3.1396732e-01  -6.7402357e-01  -1.1550715e-01  -2.8113875e-01  -6.1250198e-01  -1.3035436e+00  -3.8077999e-02  -9.1045044e-02   3.1471121e-01   6.9242251e-01   8.0140108e-01   1.7430999e+00
   2.3629386e-02  -5.0152753e-02   8.5255265e-01  -1.1885796e+00   3.2290217e-01  -4.6525463e-01   3.4766519e-01  -4.8378375e-01   1.1740861e+00  -1.6500331e+00  -9.8618686e-02   1.5789370e-01   1.1505312e-01  -1.8092296e-01
   7.2172284e-01  -9.9403715e-01   2.3520507e-01  -3.2022548e-01  -8.8375473e-01   1.2054693e+00  -9.2568928e-01   1.2675637e+00  -1.9171809e-01   2.5322270e-01   7.4689381e-02  -9.1376424e-02  -4.2863128e-01   5.8035517e-01
