  -6.3475966e-01  -3.2749458e-04  -1.4835956e+00  -4.6375473e-03  -4.4437051e-01  -1.1148354e-02  -1.0794259e+00  -5.5972571e-03  -3.7099007e-01   1.6400565e-03   1.0939002e+00  -8.4387688e-03   1.3034170e+00  -6.3807535e-04
  -5.9763473e-01  -2.3758127e-03   6.0239043e-02  -1.2826942e-02  -8.6304879e-01  -5.6378299e-04   1.7282567e+00  -1.7852198e-03   1.5298505e+00   4.0726881e-03   7.4447870e-01   1.1352069e-03   1.1199075e-01  -7.4371216e-03
   2.2566528e+00   5.0773877e-03   8.2795864e-01   1.0922464e-03   4.4254503e-01   3.6023750e-03  -4.3794820e-01  -1.3120146e-02   4.0499327e-01   5.5602188e-03   7.4619424e-01  -1.0956349e-02   3.3637726e-01   4.4119889e-03
  -2.3854253e-01  -1.0945730e-02   8.0766283e-02   2.7681615e-03   6.4407939e-01   6.7406120e-03   2.4003555e-01  -3.8806659e-03  -1.1705364e+00   2.8704184e-03   7.6768196e-01   4.0772315e-03  -2.1223605e+00  -1.0815213e-03
   3.3471908e-02   4.2667750e-01  -3.3532330e-01   9.7284645e-02   9.3209490e-02  -1.4643089e-01   5.5463749e-01  -2.5642881e-02  -1.0587635e+00  -1.8134091e+00  -1.1650748e+00   1.8901248e-01  -7.0211881e-01  -2.4694318e-01
   1.4237288e+00  -2.7686509e-01  -1.0330564e+00   9.6833014e-01   4.1991198e-01  -8.7350333e-01  -1.5264648e-01   1.7155923e-01  -2.9033664e-01   7.2723758e-01  -2.1363616e-03  -1.1289654e+00   1.0073889e-01  -3.8983442e-02
  -1.3003908e+00   8.0033571e-01   4.6692419e-01  -4.1303641e-01  -5.7218927e-01  -5.6569189e-02   3.5849375e-01   9.7030453e-02   9.6877384e-01   4.4970098e-01  -2.1585521e-01   9.7677648e-01  -6.2294435e-02   1.2907268e+00
  -1.7173547e-01  -1.0145487e+00   8.2644063e-01  -6.9466650e-01   2.5165874e-01   6.9250715e-01  -9.5115149e-01  -2.5950068e-01  -4.1812360e-01   4.1249430e-01   1.3221402e+00  -2.8082395e-01   5.2125365e-01  -9.0393764e-01
   3.8035233e-03  -7.7767199e-01  -9.0069501e-03  -1.0302236e-02   1.1524208e-02   1.8280817e+00  -6.9470140e-03  -7.4336410e-02   2.7688048e-03  -2.1813631e-01   8.6013721e-03   1.1696028e+00   1.0366489e-02   1.2773771e+00
   7.8328568e-03   5.6715411e-01  -2.1255428e-03  -1.3197676e+00  -6.5636158e-04  -2.8413365e-02  -4.4450224e-03  -1.2284156e-01   1.4977719e-02   1.6564581e+00  -4.1883281e-03   1.0632774e+00  -7.1188682e-03  -1.0226732e+00
   1.0255357e-02  -1.1228428e-01  -1.4750678e-02   1.7003789e+00   7.0179873e-03  -1.5495378e+00   3.6622980e-03  -5.5640835e-01   1.5709473e-02  -6.8884152e-01   5.4750731e-04   9.2779952e-01   2.6797184e-03  -2.2246794e-01
   4.3671853e-03   1.4445381e-01  -6.4024557e-03  -2.0234147e-01  -8.3378395e-03  -1.6876395e-01  -1.6156839e-02   2.4390686e+00   1.1730251e-02  -3.4975019e-01  -9.1442792e-04  -8.7887764e-01  -1.8040652e-03   2.5567707e-01
  -1.4308800e-02  -1.5084902e+00  -1.4329321e-02  -1.2929634e+00   6.3906633e-03   7.7019572e-01  -9.3514994e-03  -3.8302502e-01   1.0243104e-02   8.9080855e-02   9.2275599e-03   1.0917209e+00  -1.5796522e-02  -1.0545261e+00
  -4.2988476e-03  -9.6598312e-02   1.3295192e-02   8.6162823e-01  -1.8501159e-02  -4.5109791e-01  -3.4727324e-02  -1.9791830e+00   1.3364129e-02   6.8511516e-01  -2.7565412e-02  -1.2070887e+00  -9.0230079e-03   4.4542277e-01
   5.0324952e-04   9.5434767e-01  -8.5515073e-03  -5.6382966e-01   1.1527286e-02  -1.7617188e+00   5.9769984e-04   6.8675327e-01   1.4416312e-03  -1.2142720e+00  -1.6292502e-03   8.0016333e-01  -5.9874486e-03   2.8472522e-01
   9.8767527e-04   6.9225007e-01  -8.1459051e-03   7.4230593e-01  -1.5642595e-02   1.0749501e+00  -6.9442620e-03   1.4477434e+00   8.2691200e-03   1.1525052e+00  -1.3229701e-02   1.0612888e+00  -1.5073813e-02   5.1269865e-01
   1.0119891e+00  -3.0021968e-03   6.8751842e-01  -1.0381732e-02  -2.6475534e-01  -2.1601142e-03  -1.4830966e-01   1.4354680e-02   4.1198820e-01  -1.0565918e-02   1.1504532e+00  -1.6673028e-02  -1.9790876e+00   1.7972829e-02
   7.0627916e-01   9.2319967e-03  -2.1177931e+00  -5.9858500e-03  -8.0706298e-01   1.7606295e-03  -3.1454524e-01  -6.1126752e-03   2.6055336e-01   1.6433453e-03  -1.0356854e+00   4.1667465e-03   3.5372132e-01   9.5687737e-04
  -1.4685924e+00  -9.0980277e-05   2.1375149e-01  -7.2750961e-04  -7.2217554e-01   3.0876074e-03   5.8835286e-01  -1.5235977e-03  -1.0583719e+00  -3.5436237e-03   1.3438858e+00  -6.6072796e-03   1.0017595e+00   8.8848388e-03
   3.1968564e-01  -4.8374245e-03   5.9638941e-01  -1.5127913e-03   2.0895948e+00   1.1582212e-02   4.2908728e-01   1.4563654e-02  -6.6942358e-01   3.6231366e-03  -1.0966151e+00  -1.6545769e-02   5.8326238e-01   7.2574196e-03
