   1.1342318e+00  -6.8758158e-03  -7.8490108e-02  -8.2829567e-03  -9.7508556e-01   7.9026008e-03   1.2479931e+00  -1.4717247e-02   1.0947900e+00  -1.0894948e-02
   2.5587546e-02  -4.7442284e-03   1.4340304e+00  -6.4158393e-03   1.3658912e-01  -5.9548453e-03   1.4011369e+00  -1.0553376e-02  -9.8021859e-01   4.6413746e-03
  -2.6920730e-01   3.3996399e-03   5.4172212e-01  -2.4600963e-03  -6.0531609e-02   5.9854914e-03  -1.9640489e+00   1.3201239e-02  -8.7901843e-01   3.4260429e-03
  -1.5024244e+00  -8.3625820e-03  -1.2599378e+00  -6.4821700e-03  -1.6667552e-01   3.7078052e-03  -2.8323379e-01  -6.1913468e-03   1.0232537e+00   8.0037210e-03
   1.3354552e-01   5.2837201e-04  -1.5633109e+00   1.0129635e-02  -1.2937310e+00   9.8335389e-03   9.2890078e-01  -1.4302010e-02  -3.4547068e-02  -5.5786427e-03
  -1.4110819e+00  -7.9919221e-03   1.1218921e+00  -3.1487958e-03  -1.0997984e+00   2.2834379e-03  -4.4304481e-01  -2.3154079e-04   5.8674705e-01  -3.1033650e-03
   1.1299175e+00   1.8514538e-03  -7.0366144e-01   3.8436234e-03  -9.4838393e-01  -9.5502975e-05  -1.5251520e+00  -6.5563861e-03  -5.0602928e-02   2.2538784e-03
   1.6280918e-01   7.8376773e-04   1.5826533e+00   3.9129099e-03   6.9038779e-01   3.7695889e-03  -3.6282924e-01   2.6039456e-03   1.3639534e+00   4.0305480e-03
   1.3978033e+00  -1.4971621e-02   7.6269239e-01   9.5692441e-05   1.5279083e+00  -7.5591197e-03  -3.4306282e-01   9.0716984e-03  -1.0895818e-01   3.8706816e-03
  -2.1061863e-01   2.2323944e-03  -1.3668131e+00   3.8496191e-03   9.3854731e-01   8.6951815e-03  -5.9944594e-01   8.7550543e-03  -1.3590727e+00  -2.1956787e-03
  -9.1815315e-02  -4.4234637e-03  -8.3289540e-01   4.6675452e-03   1.5259973e+00   1.1004620e-02  -1.1785537e+00  -5.2357344e-03   7.6146007e-01   1.3707268e-02
   1.8111949e+00  -5.5998312e-03   6.6624200e-01   2.0796531e-03  -5.0548017e-01   7.4926084e-03  -6.4466852e-01   7.5155459e-03   7.7745610e-01  -9.6910499e-04
   5.8886796e-02  -3.6994470e-03  -5.2511081e-02  -1.1311253e-03  -2.0885284e+00   4.8971688e-04  -2.8742617e-01  -6.7806751e-03  -7.4102348e-01  -5.8671557e-03
   6.2102187e-02  -3.6025334e-03  -7.9440886e-01  -2.5980014e-03   1.4202409e+00  -1.4986467e-03   1.4333396e+00  -1.0425506e-02   5.4159331e-01  -7.5749354e-03
   6.2007767e-01   3.3724993e-03  -5.6066948e-01   2.0569267e-03   2.9228967e-01  -9.2431298e-04   9.6144795e-01   5.1715751e-03  -1.8141925e+00  -6.0956419e-04
  -1.3601727e+00   7.2326926e-03   1.0555692e+00  -5.7856250e-03   1.3735417e+00   2.3256112e-03  -4.3873522e-02  -5.2297707e-03  -3.8345835e-01   1.6997592e-03
   5.1750797e-01   9.3987209e-01   9.3937337e-02  -1.5046111e+00  -1.2512988e-01   1.3401161e-01  -6.8911666e-01   6.1605990e-01  -5.1958358e-01   6.4664686e-01
   2.1390255e-01  -1.5413575e-02   6.3257858e-02   4.8020905e-01  -6.9902533e-01   1.1317439e+00  -1.3775361e+00   5.0458312e-01   8.8461602e-01  -1.2316977e-01
   1.9354086e-01  -2.0543462e-01   6.0446793e-01  -2.3641655e-01   1.1356056e-01   2.0945813e-01   5.5473244e-01   4.5528856e-01   1.3505418e+00   1.4502814e+00
   1.1103475e+00   1.0427234e+00  -6.3485736e-03  -4.7216457e-01   9.6378779e-01   4.8391709e-01  -6.0634583e-01  -9.2741805e-01   2.3598215e-01   1.0181633e-01
  -6.9840199e-01  -2.2053500e-01  -1.6208333e-01  -1.3067776e-01  -7.7043498e-01  -1.0651854e+00   1.0841956e+00   5.9879899e-01   5.6083161e-01   9.1841644e-01
  -1.1385339e+00   1.2041832e+00   2.5766985e-02   3.4027511e-01  -6.3794702e-01   1.4068121e-01  -3.8979557e-01   1.9743660e-01  -8.7533975e-01   8.6794174e-01
  -9.1015434e-01  -8.3115053e-01  -1.0629479e+00  -8.3650821e-01   5.3655660e-01   7.8199023e-01  -6.1396265e-01  -6.0616767e-01  -8.0943182e-02   2.9346345e-02
  -7.2109735e-01  -6.2025130e-01   1.8344596e-01  -9.0281114e-02  -1.8925144e-01  -6.2140596e-01   1.1623988e+00   6.9303626e-01  -7.2761780e-01  -1.1272290e+00
   1.4733197e-01  -2.6643336e-01   9.7860199e-01  -7.9760653e-01   1.1020350e+00  -9.5759952e-01   6.2413162e-01  -8.5202664e-01   2.2328596e-01   1.2901348e-01
  -7.7820307e-01  -1.1285324e-01  -4.8580346e-01   5.3142488e-01  -5.7511419e-01   8.0570114e-01  -4.8612738e-01  -2.0231882e-01   8.6276430e-01  -1.3644488e+00
   1.1827545e+00   1.2747295e+00   3.5961900e-02  -2.0036799e-01  -3.7789246e-01  -8.2241558e-03   9.7783673e-01   5.8045065e-01  -1.2395186e-01  -6.9526565e-01
   1.5598115e-01   8.0048367e-02  -1.4818491e-01   5.0710213e-01   5.1717335e-01  -6.8816237e-02  -1.5120519e+00   1.4454318e+00  -1.0990340e-01   1.7405200e-01
   6.6138256e-01  -1.2238672e+00  -5.3640109e-01   5.8189130e-01  -4.8377737e-01   3.4840322e-01  -8.5229054e-02   1.1879463e-01  -1.2543881e+00   6.9864696e-01
  -4.1120157e-01  -9.2791575e-01  -1.2430353e+00  -9.5965081e-01   2.8843844e-01   4.3578237e-02   6.2606233e-01   8.0581808e-01  -5.9848440e-01  -1.3872014e-01
   1.1383400e-01  -3.3454391e-01   1.1752851e+00   1.3685529e+00  -1.0230117e+00  -7.2743946e-01  -1.1302134e-01   1.3461367e-02   1.4049739e-01  -1.1168909e-01
  -6.0481876e-01   7.1029657e-01  -6.6912818e-01   6.4409894e-01   6.4209622e-01  -7.0930117e-01   5.5725712e-01  -2.1101049e-01   1.0080861e+00  -9.9014306e-01
  -8.9031976e-04   2.0951979e+00   1.8878284e-04  -7.3888689e-01   6.1637280e-03  -2.4904209e-01   4.5653456e-03  -5.8759032e-03   4.1722120e-03  -4.5362610e-02
  -1.2178345e-02  -1.6105098e+00   2.2090562e-03  -1.6017947e-01   4.3981797e-03  -5.6444546e-03   6.9684247e-03   1.2394706e+00   3.0167210e-03   9.1872245e-01
   1.1618682e-02  -7.4181926e-01  -9.1934707e-03   1.0949004e+00   1.6476851e-04   4.2337888e-01  -4.1000992e-03   3.4956016e-02   1.6758557e-02  -1.7521152e+00
  -2.4156852e-03   9.5555192e-01   6.1188899e-03  -1.3683733e+00   2.4755790e-03   8.2076633e-01   9.4947306e-04  -4.0253597e-01   6.8932394e-03   1.1741740e+00
  -6.8902401e-03   1.0292673e+00  -7.3113106e-04  -7.4472614e-02   3.1647168e-03   1.7236207e+00  -6.3499976e-03   3.6638692e-01   6.6801109e-03  -9.1094041e-01
  -5.3435960e-03   7.5276637e-01  -1.2263347e-03   4.5551425e-01   2.3759296e-03  -8.9269334e-01  -2.0697645e-03  -3.7632778e-01   8.7038362e-03   1.8130665e+00
   5.3092549e-03   8.5222900e-02   1.4546760e-02   2.1129446e+00   3.9226068e-03   4.1297743e-01  -3.1089610e-03   5.7988125e-01   3.4633614e-03   1.4530338e-01
   1.6295332e-02  -1.2061472e+00   1.7504944e-03  -3.8875943e-01  -2.7753405e-02   1.7979896e+00  -1.0502814e-02   2.9869285e-01   6.8943570e-03  -2.6625851e-01
   5.5384124e-04   6.7258239e-01   1.9421192e-03  -1.4487648e+00   3.3804607e-03   9.9313915e-02   2.6620582e-03  -1.2872577e+00   1.8383642e-03  -8.8418996e-01
  -5.2202158e-03  -7.2814184e-01  -1.2751376e-03  -1.7901961e-02   7.9746386e-03   1.0579972e+00  -9.8023210e-03  -1.0317911e+00   1.4217905e-02   1.5116706e+00
   3.7212430e-05  -2.9345202e-01   2.7431098e-03   1.1554872e+00  -1.8783577e-03  -1.0059550e+00   3.3868386e-03  -1.5265288e+00   1.0077343e-02   4.8618564e-01
  -1.0829248e-02   5.8775276e-01  -7.8656785e-03   3.3928737e-01  -2.7368919e-03   1.2716603e+00  -8.8040077e-04   7.6886737e-01  -4.9820887e-03   1.5267420e+00
  -3.4304033e-03  -1.6158819e+00   8.9227362e-04  -6.8850821e-01   2.7942488e-03  -5.8405042e-01   4.2144088e-03  -1.2458256e+00  -3.7851201e-03  -1.4708336e-01
   4.4169370e-03   1.1857298e-01   9.7055722e-04  -1.5714071e-03   2.9239666e-03  -2.0932527e+00   2.7934397e-03   7.7722526e-01   9.1859056e-03   5.6142416e-03
  -2.4119047e-03  -5.2955258e-01   5.1622745e-03  -1.9055899e+00   6.2214304e-03  -2.9224557e-01   2.0357871e-03   7.1321857e-01   1.8956768e-03   7.0294565e-01
  -1.4429674e-02   6.2287134e-01   1.3059979e-02  -9.0761840e-01   1.1667342e-02  -5.6403762e-01  -1.5289587e-02   1.7769548e+00   5.6905742e-03  -5.5836499e-01
