   1.6885394e-01  -5.2068835e-01   1.1606753e+00  -1.2661951e+00  -4.4013309e-01  -6.0144305e-01  -3.5507846e-01   2.6157799e-01
   4.4053036e-01  -6.6306627e-01  -2.7819756e-01   2.9978381e-02  -2.1200746e-01   2.6255593e-01  -1.3053100e+00   1.2125455e+00
  -9.8930144e-01   1.0385416e+00   5.0997359e-01   6.3270140e-01   1.5586044e-01  -5.4814771e-04  -7.4246997e-01   8.4069937e-01
   1.0625374e+00   1.1456946e+00   3.6810398e-01  -1.6593924e-01  -6.3135457e-01  -5.7127857e-01   7.0175105e-01  -4.2182902e-01
  -1.8859351e-01   8.0499667e-01  -6.9113404e-01   7.5600106e-01  -4.0713438e-01  -2.3283358e-01   1.0165812e+00  -1.0068772e+00
  -1.0781839e-01   4.2371964e-01  -1.9244909e-01  -2.2911280e-01   1.3822529e+00   1.2336106e+00  -5.3477901e-01   2.9995760e-02
   2.4534142e-01   4.7944513e-01  -1.3020133e+00   1.1989884e+00   2.1734937e-01   7.2345656e-01  -3.9198719e-02  -7.0440069e-02
   6.0017407e-01  -6.3551253e-01  -2.8431299e-01  -3.9838389e-01   8.5415697e-01  -6.1570549e-01   9.6544725e-01  -9.7755069e-01
  -1.6460862e-03   9.0145665e-01   4.4788611e-03  -6.0525692e-01  -2.6054792e-03  -1.5892622e+00   8.4890146e-03   5.4330784e-01
  -2.0000779e-03  -1.9186928e+00   8.6318729e-03   4.7818276e-01   3.6881350e-03  -2.5826478e-01  -1.3215207e-03   1.5219735e-01
  -3.5781439e-03  -6.9193345e-01   5.1344754e-03  -2.7711624e-01   6.7317560e-03  -1.1682812e+00   3.6004556e-03   1.4420320e+00
   7.6100626e-03  -5.8880043e-01   8.8045018e-04   1.6172035e+00   2.5815438e-03  -9.3421596e-01   2.6384774e-03   4.0636840e-01
   2.6224668e-03   6.6811097e-01  -3.0178850e-04   8.2473111e-01   5.8047445e-03  -1.3153619e+00   3.2655969e-03  -1.0692136e+00
   1.2299634e-02   1.7125421e+00   5.1589725e-03   2.3372830e-01   7.1447203e-03   7.7140701e-01   3.3793980e-04  -6.4596677e-01
   3.7664587e-03  -3.2360899e-01   9.4280636e-04  -1.1724316e+00  -6.5492385e-04  -1.1242363e+00   2.5616742e-03  -1.1210495e+00
  -2.7399492e-03   1.2100163e+00  -1.7535508e-03   1.2189865e+00   1.1029292e-03  -2.0952533e-01   8.3069805e-05   1.0030054e+00
  -6.4848948e-01   2.7138635e-03   1.4517365e+00   1.9696692e-03   4.8173344e-01  -2.6895634e-03  -1.1134607e+00  -6.5446161e-03
  -1.4192222e+00   5.8669886e-03  -7.7701271e-01   3.6745754e-04   7.4534512e-01  -7.7235181e-04   9.0910643e-01   3.1718169e-03
   7.8848267e-01   6.5702926e-03  -1.4962760e+00  -2.8413732e-03  -2.7422985e-01   1.0056330e-03  -1.0315957e+00   2.9601119e-03
  -3.5247087e-01  -2.3303109e-03   1.5851358e-02  -2.7419610e-03   6.3856296e-02  -5.1122522e-03  -1.9675865e+00  -4.2032995e-04
   1.0583543e+00  -9.7152637e-04  -1.1208529e+00   4.3626861e-03   6.6155243e-01  -5.6697009e-03   1.0889685e+00  -4.3714363e-03
   1.0171639e+00   1.1218781e-02   5.4756039e-01   8.6542768e-03   1.6154625e+00   5.5280756e-03   2.3580326e-01   1.3604417e-03
  -1.0535220e+00  -2.9577387e-03   1.0190921e+00   1.9080937e-03   1.3096291e+00  -4.5618293e-04   3.6921477e-01   9.0646194e-03
  -3.7152117e-01   2.4232147e-03  -1.2061659e+00  -2.5550956e-03   1.3851522e+00   2.9378810e-03  -6.9890368e-01   1.1850351e-03
