   6.6022702e-02   1.2778442e-03   5.5207044e-01  -8.5299825e-03   4.8320955e-01  -2.9835002e-03   2.6013124e-01   1.9540617e-02   2.2541142e+00   2.1697855e-02   6.4175713e-01   2.9657430e-03   1.1707673e+00  -1.8017214e-02  -7.2393984e-01  -2.7616002e-02
  -7.5020278e-01  -2.9895207e-04  -8.1157428e-01  -8.6850710e-03   3.0616927e-01  -5.5112257e-03  -2.4327664e+00  -5.1742624e-03  -1.1722362e-01   3.3656142e-03  -1.5250944e-01  -4.4186041e-04  -7.9303795e-01  -1.2952868e-02  -3.1586739e-01  -2.1369504e-02
  -3.5075163e-03  -2.1480455e-01  -2.0840429e-01  -3.8599145e-01  -1.0545287e+00   1.1698443e+00  -4.1136941e-01   5.7840075e-02  -2.2217451e-01   2.0179565e-01   1.8341463e+00   8.6912382e-01   2.3252362e-02   2.3837025e-01  -2.6553226e-01   8.7799120e-01
   6.9734406e-01   1.4793487e+00  -2.3511155e-01   3.8857615e-01   1.4583821e+00  -3.9485273e-01  -3.2686028e-01  -5.2381980e-01  -1.7890863e-01  -1.4431785e-01   3.7345940e-01  -2.6249605e-01   5.1961467e-02   2.0193009e-01   1.2850672e+00  -7.0631009e-01
  -3.1598040e-03   4.8318407e-01   6.4533800e-03  -1.0167521e+00  -2.2466706e-02   4.4012520e-02  -7.1255309e-03   6.4223731e-01   3.8052837e-03  -1.9881010e+00   1.8665377e-02   2.7657562e-01   2.3359582e-03   1.5063717e+00   7.6045962e-03  -1.3825002e-01
   2.3878720e-03   7.9594225e-01   1.7132005e-02   1.2667650e+00  -1.3907102e-02  -7.6562774e-01  -7.6929592e-03   2.0751362e-01  -6.6653760e-03   4.0594995e-02   3.7287644e-03   3.8220853e-01  -6.2902505e-03  -1.4327707e+00  -3.1820384e-03   1.7121075e+00
   3.3710066e-02  -6.8265259e-01  -1.3701571e-02   2.0032148e+00   5.3672288e-03   5.4780388e-01  -5.4601073e-04  -1.6112880e-01   6.5594877e-04  -5.5826873e-01   3.9014998e-03   6.8354195e-01  -2.4993571e-03  -1.3263352e-01   1.2085248e-02  -1.5482433e+00
   3.5000728e-03   3.2712922e-01  -5.1633082e-03  -1.7357736e+00  -7.8402916e-03  -1.2702523e+00  -9.6438667e-03  -1.4987791e-01  -2.0919854e-02   1.7182319e+00  -1.0257612e-03  -2.3880136e-01  -1.3193543e-02   3.3691722e-01   1.6466785e-02   3.4660628e-01
   5.2377617e-01  -1.4665663e-02   1.2795904e+00  -7.9324841e-03  -3.0002463e-01  -6.4731161e-03  -1.5701541e+00   1.7269218e-02  -2.2473961e-02   8.1405714e-03  -5.1097924e-01   6.6188113e-03   1.7225446e+00  -4.1131363e-03   5.5067271e-01  -1.2612085e-02
   1.6687862e+00   1.7075580e-02  -6.8919051e-01  -3.9965003e-03   7.8152150e-01  -2.9014193e-03   1.6296759e-01   7.0743845e-03   2.3961668e-01   1.5155277e-02   2.0939255e-01   1.2092762e-02  -1.1737206e+00   1.7129954e-02  -1.6195124e+00  -9.8784892e-03
