   9.7150248e-01   4.4040936e-03   8.8390303e-01   2.5756732e-03  -1.2257062e+00  -1.6972293e-04   3.6189660e-01  -2.6675925e-02  -1.8926640e+00   2.5090892e-03   2.1251728e-01  -1.3902757e-02  -1.1525757e-01  -3.4472314e-03
  -2.2761619e+00  -3.8049682e-03  -4.6706071e-01  -2.5047546e-03   2.1510229e-01  -2.1424364e-02  -8.4549773e-01  -1.4512639e-02  -2.9001477e-01  -2.6471892e-03   7.9203707e-01  -2.6015596e-02  -3.5598600e-01  -1.6549479e-02
   6.7535263e-01  -6.5592229e-02   1.9255497e-01  -5.9242052e-01   5.2568954e-01  -5.2502918e-01   1.4746086e-01  -1.1940111e+00   1.2144903e+00  -1.3755403e-01  -8.3894634e-01  -1.2740453e+00  -1.9228765e-01   5.4243946e-01
   4.1825381e-01   4.5125157e-01   1.7919724e-01   7.1300381e-01  -4.7629321e-01   5.9344780e-01  -1.6876510e+00  -2.0433879e-01  -1.1179257e-01   9.5249802e-01  -3.0796599e-01   2.2677945e-01   4.3096822e-02  -1.2426240e+00
  -8.9122057e-03   5.4483771e-01   1.8044265e-02  -8.0893117e-01   3.7025269e-03  -8.8657402e-02  -3.1342469e-03   1.1090214e-01  -2.2138750e-02   1.4246314e+00   5.2979030e-04   4.0682706e-01  -2.2169188e-02   1.9575826e+00
   6.5557747e-03  -5.0380945e-01   9.2003951e-03  -2.7845344e-01   2.3423666e-02   3.3619592e-01  -3.2310158e-03   9.5815235e-01  -5.6984071e-03  -3.2268101e-01   1.6055551e-03  -2.3387659e+00  -8.3331199e-04  -2.5076666e-01
  -7.1493867e-03   2.2035871e-02  -6.1568368e-04  -1.9809197e+00  -2.1897238e-02  -1.3978693e+00   1.5014863e-02   9.3702763e-01  -1.8355414e-02  -1.0562030e-02  -1.3475419e-02   2.4298780e-01  -1.4713435e-02  -4.2751139e-01
   1.0490892e-02  -6.6928113e-01   1.0042818e-02   9.1080111e-01  -4.5825916e-04   1.1790867e+00   1.8672752e-03   4.3413442e-01  -1.3319785e-02  -8.2939351e-01  -4.2426777e-03  -8.2443550e-02  -1.0246186e-02   1.8570359e+00
  -1.6385890e+00   1.9555561e-02   9.5846760e-01   3.5125590e-03  -1.0931307e+00  -2.6105673e-03   3.5677287e-01  -1.2111018e-02   1.3953935e+00   2.9904547e-03  -2.8283164e-01   6.7975433e-03  -2.1546090e-01  -4.9893418e-04
   3.3447906e-01   3.6936034e-03  -1.4428973e+00  -2.0680304e-03   2.0299356e+00  -1.0679577e-02  -2.1871047e-01  -7.2001354e-03  -4.8473626e-01  -4.1515003e-03   1.3045958e-01  -4.4592768e-03  -6.2087423e-01   1.9140985e-03
