  -2.5609121e-01   5.1363719e-01   9.7978103e-01   1.2324269e+00   6.2202775e-01  -4.8322400e-01   7.1672541e-01   6.5717936e-01   2.7403808e-01   4.1921040e-01   1.0219694e+00   5.7488000e-01
  -5.2342957e-01  -1.2086325e+00   1.7091158e-01  -7.0275223e-01   4.0762678e-01   2.8810644e-01  -1.0592674e+00  -6.8137273e-02  -1.1304404e+00  -7.8060997e-01   6.9041204e-01   4.8852317e-02
   3.1276423e-01  -5.6059247e-01   5.9495765e-01   1.2343005e+00  -6.0353559e-01   1.1543594e-01  -6.5233642e-01  -5.2965301e-01  -3.8237667e-01  -7.1099428e-03  -1.2383287e+00  -9.7317320e-01
   4.3598068e-01   1.3452871e+00  -9.6811199e-01  -5.9183067e-01  -9.5195329e-01  -6.8169129e-01   5.2731756e-02  -8.1337696e-01   5.2283382e-01  -3.9149743e-01  -1.0365661e-01   4.8986453e-01
   3.9054141e-03   3.8855097e-01   3.3651555e-03   2.1688478e+00  -1.2649882e-03  -2.2946032e-02  -7.5780475e-03   9.9427861e-01   1.1211819e-02  -2.6885664e-01   5.2278875e-03  -2.8894180e-01
   1.5878868e-03   6.6483915e-01  -1.5010155e-03  -1.8982369e+00  -2.1795272e-03   1.2335557e-01  -2.5104580e-03   1.3004371e+00   3.3527554e-03  -2.3912267e-01   3.2354532e-05  -4.3717796e-01
   1.3239047e-03  -7.9945795e-02  -4.1361060e-03   1.5389843e-01  -6.4482726e-03  -2.2101967e+00   4.0500858e-03  -5.9862405e-01   1.2385511e-03  -8.2616425e-01  -5.6660194e-03  -2.0963089e-01
   1.1177450e-02  -7.2589058e-01  -5.2757021e-03   3.6722198e-02  -5.9521007e-03   3.9692894e-01  -2.9323041e-03  -8.0024976e-01   5.1076012e-03   1.4352906e+00   1.1995103e-05  -1.6166326e+00
   2.8229484e-03  -1.5875745e-01  -8.5928626e-03   1.3992374e-01   3.6045085e-03  -1.8829085e+00   4.5632077e-03   8.0661976e-01   1.2649885e-02  -4.2294899e-01   4.5872382e-03   1.2570025e+00
  -5.7599233e-03   2.1441154e+00   5.9802691e-03  -5.7375294e-01   3.1102172e-03   3.6037672e-01  -4.7909914e-04   9.3490767e-01   6.0280925e-03   2.1077092e-01   2.3121864e-03  -1.5845571e-01
  -2.0235875e-03  -4.3132704e-01  -5.1138741e-03   1.2714685e+00  -5.4487679e-03  -1.0043264e-01  -2.9366853e-04   1.0019846e+00   3.8399233e-03   1.3198922e+00   3.4561567e-03  -1.2004428e+00
  -5.0604325e-03  -1.2963381e+00  -3.8790312e-03  -1.4687942e+00   1.1327629e-02   1.1554788e+00   5.9453924e-03   6.9505346e-01   8.1148250e-03  -2.6575506e-01   8.7505177e-05  -5.2251846e-01
   4.0127289e-01   3.6971876e-03  -3.3830303e-01  -1.0000532e-02  -5.3916258e-01  -2.4299400e-03   7.3799837e-01   1.7835470e-04  -3.6366397e-01  -3.9056523e-03  -2.1810105e+00   7.0614298e-04
  -6.7563671e-01  -7.6523204e-03  -2.4835099e-01  -1.1064337e-02  -1.0216545e+00  -1.0827579e-02   1.6903218e+00   2.9240712e-03   1.1841494e+00  -1.1134755e-03   4.2199671e-01   1.6511297e-02
   7.1188307e-01   2.0478896e-03   4.3175134e-01   1.8956738e-04   1.4766532e+00   3.0417456e-03   1.2401334e+00   1.5821803e-04  -1.1101578e+00   5.4618944e-03   5.9655821e-01  -1.5267939e-03
  -1.3645634e-01  -4.8249150e-03  -1.3409913e-02   1.2185331e-03   9.4409549e-01  -1.3882706e-03  -1.7256243e+00   4.3494529e-03   1.4166386e+00   6.0267076e-03   3.2426718e-01   2.8382039e-03
  -2.7790713e-01  -3.4335046e-03   5.1507568e-01   6.8255672e-03  -2.2044805e-01  -9.1939594e-04  -7.5441027e-01  -1.7623106e-02  -2.1651368e+00  -1.4789348e-02  -5.9270453e-01  -5.2619893e-03
   1.8527092e+00  -4.7053196e-03   4.8811761e-01  -7.5688050e-03   1.3090273e+00  -1.7796200e-02  -5.9412241e-01   5.0438603e-04   2.3877768e-01  -4.4926344e-03   4.5303747e-01  -9.3113212e-04
  -1.8552976e+00  -4.4915550e-03   2.1519604e-01   1.8719191e-03   2.9167497e-01   3.1039515e-05   1.0049952e+00  -1.0333339e-02  -2.7876046e-01  -1.0847109e-02   1.1569331e+00  -4.7016549e-03
  -7.5806260e-02  -8.5963374e-03  -4.1707543e-01   3.7744941e-04  -1.2396295e+00  -3.9249328e-03  -9.2768478e-01  -9.2358980e-03   1.5030681e+00   6.0894270e-03   1.0786862e+00   5.6122048e-03
