   2.3153907e-01   4.9050120e-01  -2.2188790e-01  -4.4994557e-01  -3.5454878e-01  -7.3990130e-01  -4.3899730e-02  -6.7566335e-02  -8.3408511e-01  -1.7546405e+00
  -2.3777725e-01  -4.6718538e-01  -6.9631559e-01  -1.3915191e+00   5.0872898e-01   1.0342891e+00  -4.3205968e-01  -8.6697310e-01  -7.6991409e-02  -1.7667480e-01
   7.5748362e-02   1.6069433e-01  -5.3802639e-01  -1.1201252e+00  -4.2583504e-01  -8.9579803e-01   6.5520906e-01   1.3722932e+00   1.5661825e-01   3.2168227e-01
   8.5397094e-02   1.9010603e-01   3.0847350e-01   6.4450759e-01   6.5221673e-01   1.3424922e+00   4.8777223e-01   1.0140547e+00   4.1235617e-01   8.8435447e-01
   7.7305925e-01   4.5223007e-01  -1.4967381e+00  -8.8304365e-01  -9.1445100e-01  -5.4900432e-01  -1.7448498e-01  -9.6786961e-02   1.3216117e-02   1.6217794e-02
   1.2052823e+00   6.9926423e-01   1.1442838e+00   6.6771114e-01  -7.3178217e-02  -3.3507627e-02  -2.0452330e-01  -1.0157274e-01   9.6278101e-01   5.6349701e-01
  -3.3823612e-01  -1.9753502e-01  -4.3221051e-01  -2.5362965e-01   1.0154495e+00   5.8381063e-01  -1.5533383e+00  -8.8408768e-01   1.4558125e-01   8.8343173e-02
   8.9426666e-01   5.3007698e-01  -1.4236930e-01  -8.5022338e-02   7.8058547e-01   4.6157128e-01   2.5664380e-01   1.5538366e-01  -1.4934930e+00  -8.6539859e-01
  -7.2589475e-01  -1.4740115e+00  -5.0286198e-01  -1.0542079e+00   3.2063626e-02   9.0224385e-02  -2.8830159e-01  -6.1802423e-01   2.9346755e-01   6.1300784e-01
  -3.6110672e-01  -7.4916357e-01   3.9903972e-02   9.1826446e-02   3.6621043e-01   7.5958604e-01   2.0498602e-01   4.5693392e-01  -8.1004268e-01  -1.6371541e+00
   3.5647959e-01   7.5095963e-01  -4.8772603e-01  -9.8033154e-01  -4.1440066e-02  -8.8263340e-02   7.5959843e-01   1.5809851e+00  -7.6291539e-02  -1.3499424e-01
   7.2893262e-01   1.5119114e+00  -4.0433860e-01  -8.3268172e-01   8.8492066e-02   1.7832698e-01  -4.8221990e-01  -1.0103916e+00   7.3686756e-02   1.6566309e-01
  -6.7266488e-01  -3.7771353e-01   2.3171410e-01   1.3689974e-01  -1.7295001e+00  -9.8733145e-01   2.4868907e-02   2.8604368e-02   5.2078289e-01   3.0622888e-01
   5.2220446e-01   3.0003443e-01  -2.1604478e-01  -1.2445232e-01   1.4117727e+00   8.2162410e-01   1.1179003e+00   6.5178871e-01   4.1823444e-01   2.3979099e-01
  -2.0054480e-01  -1.1547124e-01   1.3535643e+00   7.9244226e-01  -4.6824333e-01  -2.7570951e-01  -2.6186863e-01  -1.4340940e-01  -1.2444302e+00  -7.4386275e-01
  -1.5389296e+00  -8.9435410e-01  -4.6263286e-01  -2.6894289e-01   1.2804188e-01   7.9476863e-02   1.0670091e+00   6.1929947e-01   2.2853414e-02   1.3907896e-02
