  -6.0065401e-01   2.8857747e-01  -7.3208123e-01   3.4771529e-01   1.1863416e+00  -5.7839537e-01  -2.4778446e-02   1.3753554e-02   2.4016745e-01  -1.0662086e-01  -1.5748119e+00   7.7926749e-01
   1.6805996e-01  -1.0087173e-01   1.1741588e+00  -5.5526513e-01  -2.5810933e-01   1.3499905e-01   6.0930538e-01  -2.9651368e-01  -1.6354595e+00   7.8515917e-01  -5.9609449e-01   2.8993472e-01
   1.6414347e+00  -7.9915184e-01  -9.0012711e-01   4.3448347e-01  -7.9361194e-01   3.9625379e-01  -8.0426574e-01   3.8298646e-01  -1.2116046e-01   4.0048901e-02  -2.3814748e-01   1.2118774e-01
  -6.1726570e-02   2.2910021e-02  -3.8027711e-04   3.4275262e-03  -4.0566701e-01   1.9969407e-01   1.3548790e+00  -6.5849119e-01   1.6328958e+00  -7.8975958e-01   4.3427840e-01  -2.0793234e-01
   1.4899263e-01   8.3612376e-01   3.5153267e-01   1.8991113e+00   1.5745868e-01   8.5416102e-01  -6.3091174e-02  -3.3721995e-01  -8.5157380e-02  -4.3533400e-01   1.3351551e-01   6.7957598e-01
   2.7362344e-01   1.4169697e+00  -3.2700714e-01  -1.8334874e+00   2.1007944e-02   1.5416774e-01   3.4255810e-02   2.2351670e-01  -2.4104809e-02  -1.0539324e-01   1.2298952e-01   5.8869332e-01
  -4.1138017e-01  -2.0916245e+00  -5.5496253e-02  -3.0406517e-01   2.0351297e-01   1.0134238e+00  -7.8449741e-02  -4.2499000e-01  -3.5457741e-02  -1.6143121e-01   6.2211197e-02   2.7190864e-01
   8.5777987e-04   3.7562907e-02   4.6803847e-02   2.0457000e-01  -2.2072863e-02  -1.0661220e-01  -3.2223568e-03  -9.3318736e-03   4.5624265e-01   2.3578150e+00  -7.3680297e-02  -4.1197184e-01
   1.0970698e-01  -3.8272657e-02   1.0858281e-01  -4.2430203e-02  -1.3282793e+00   6.3402110e-01   1.6039901e+00  -7.7295798e-01  -2.6819417e-01   1.2069377e-01  -6.7044693e-01   3.1679288e-01
  -9.4164711e-01   4.5666721e-01   5.6846619e-01  -2.7965844e-01  -4.5780674e-01   2.1937877e-01  -1.6027300e+00   7.6318300e-01   4.4584879e-01  -2.1990275e-01  -8.3051467e-01   3.9698148e-01
   1.1380042e+00  -5.3644466e-01   3.9726421e-01  -1.7937595e-01   1.5006794e+00  -7.0885634e-01   2.0548132e-01  -1.0328598e-01   1.0636307e+00  -5.3139549e-01   6.9832034e-02  -3.4697652e-02
  -3.7512580e-01   1.9384122e-01  -2.0159414e+00   1.0002196e+00   3.0083480e-01  -1.3920318e-01  -2.0459415e-02   8.1559904e-03  -5.8677667e-01   2.7150640e-01   4.3130621e-01  -2.0696911e-01
  -5.5928316e-02  -2.4221025e-01   1.4319485e-02   1.2224907e-01  -3.7918180e-01  -2.0378940e+00  -1.3391444e-01  -7.3762363e-01   1.7747660e-01   9.4558942e-01   6.7129932e-02   3.6619598e-01
   2.5542846e-01   1.2932515e+00   5.3234496e-03   7.0801951e-02   1.9641608e-01   9.4314343e-01  -1.4940384e-01  -7.2000337e-01   4.4054467e-02   1.7635790e-01  -3.2793668e-01  -1.6272078e+00
  -1.1797598e-02   1.4702545e-03   3.6927357e-02   2.2710773e-01   1.5209399e-01   7.5017852e-01  -3.6773622e-02  -1.9553301e-01   1.2704422e-02   7.1828753e-02   4.3918338e-01   2.2634549e+00
  -7.4024796e-02  -4.4035298e-01   3.5941766e-03   6.8710834e-02   1.1199163e-01   5.8269852e-01   4.4599631e-01   2.2521622e+00   4.8449453e-02   2.4089253e-01  -5.3215012e-02  -3.3081728e-01
