  -1.8427350e-01  -7.5173390e-01  -7.9488075e-01   9.1002756e-01  -8.6922467e-01  -7.7713168e-01   1.0991391e+00  -4.2571622e-01  -3.2035860e-01  -2.9916209e-01
   6.7497003e-01   1.2933044e+00   7.3758942e-01   7.6259024e-02  -1.0274388e+00   2.2839440e-01   1.9980304e-02  -1.2772387e-02  -4.4394457e-01   1.0082072e+00
   1.2280790e+00   5.0955778e-01  -5.7050657e-01  -8.2872021e-01  -4.3483824e-02   7.3617762e-01  -9.6252419e-02   4.2137384e-01   9.8824549e-01  -7.1597487e-01
   4.3726543e-01  -1.2563754e+00  -1.6655786e-01  -7.5868905e-01   9.5729500e-01  -1.8642700e-01   1.0999888e+00   5.4098803e-01   3.0065081e-01  -2.8769100e-01
  -2.3780277e-02  -1.1876951e+00  -4.4727814e-04   1.3156477e+00  -6.7030974e-03  -2.3567134e-01  -9.8667410e-04   3.6001235e-02   1.8050608e-03   1.3420132e+00
   1.6327934e-04   9.4941467e-01   3.9920984e-03  -1.8011080e-01  -2.1961071e-03  -2.9663724e-01  -7.2943191e-03  -1.6118917e+00   5.7646115e-03  -1.1746813e+00
  -1.7481312e-02   3.8186625e-02  -4.7276253e-03  -1.8497990e+00  -1.3002933e-02  -6.1373806e-01  -9.4051901e-03   3.8046736e-01  -5.3774649e-03   1.0270063e+00
  -1.0622642e-03   8.5517788e-01   2.0135646e-03   1.1581018e+00  -6.2383399e-03   1.2445260e+00  -1.0648455e-02   5.0725651e-01   8.4604090e-03  -1.0588144e+00
  -1.0823503e-01   4.9596676e-03   1.2262501e+00   7.1764593e-03  -1.3137765e+00  -3.0755016e-03   1.3236094e+00   4.2198296e-03  -8.0833443e-02  -2.7729701e-03
  -1.2948655e+00  -1.0774081e-03  -7.3652141e-02  -9.1375057e-03   1.7442998e+00   8.6227870e-03   3.2836351e-01   6.8207929e-04  -4.0905795e-01   2.6180376e-03
  -6.3211018e-01  -8.7097697e-03  -8.5071679e-03   8.1834680e-04   3.3447978e-01   4.8198607e-03  -1.9266223e+00   1.0257189e-02   8.8113737e-01  -2.4322970e-03
  -6.0879534e-01  -3.9454694e-03  -9.0291047e-01  -3.0209636e-03  -9.1434497e-01  -1.4925199e-03  -3.9132592e-01   9.2165679e-04  -1.6807251e+00  -9.6735042e-03
